0.0000000000e+00 0.0000000000e+00
5.2360000000e-02 5.5749979577e-04
1.0472000000e-01 1.1147682066e-03
1.5708000000e-01 1.6715740065e-03
2.0944000000e-01 2.2276862872e-03
2.6180000000e-01 2.7828746166e-03
3.1416000000e-01 3.3369091970e-03
3.6652000000e-01 3.8895610224e-03
4.1888000000e-01 4.4406020354e-03
4.7124000000e-01 4.9898052829e-03
5.2360000000e-01 5.5369450711e-03
5.7596000000e-01 6.0817971191e-03
6.2832000000e-01 6.6241387115e-03
6.8068000000e-01 7.1637488490e-03
7.3304000000e-01 7.7004083982e-03
7.8540000000e-01 8.2339002390e-03
8.3776000000e-01 8.7640094106e-03
8.9012000000e-01 9.2905232553e-03
9.4248000000e-01 9.8132315600e-03
9.9484000000e-01 1.0331926696e-02
1.0472000000e+00 1.0846403757e-02
1.0995600000e+00 1.1356460692e-02
1.1519200000e+00 1.1861898438e-02
1.2042800000e+00 1.2362521050e-02
1.2566400000e+00 1.2858135828e-02
1.3090000000e+00 1.3348553438e-02
1.3613600000e+00 1.3833588036e-02
1.4137200000e+00 1.4313057384e-02
1.4660800000e+00 1.4786782962e-02
1.5184400000e+00 1.5254590082e-02
1.5708000000e+00 1.5716307994e-02
1.6231600000e+00 1.6171769989e-02
1.6755200000e+00 1.6620813500e-02
1.7278800000e+00 1.7063280201e-02
1.7802400000e+00 1.7499016094e-02
1.8326000000e+00 1.7927871604e-02
1.8849600000e+00 1.8349701659e-02
1.9373200000e+00 1.8764365774e-02
1.9896800000e+00 1.9171728128e-02
2.0420400000e+00 1.9571657635e-02
2.0944000000e+00 1.9964028013e-02
2.1467600000e+00 2.0348717851e-02
2.1991200000e+00 2.0725610666e-02
2.2514800000e+00 2.1094594960e-02
2.3038400000e+00 2.1455564275e-02
2.3562000000e+00 2.1808417233e-02
2.4085600000e+00 2.2153057587e-02
2.4609200000e+00 2.2489394254e-02
2.5132800000e+00 2.2817341352e-02
2.5656400000e+00 2.3136818227e-02
2.6180000000e+00 2.3447749484e-02
2.6703600000e+00 2.3750064999e-02
2.7227200000e+00 2.4043699945e-02
2.7750800000e+00 2.4328594797e-02
2.8274400000e+00 2.4604695344e-02
2.8798000000e+00 2.4871952688e-02
2.9321600000e+00 2.5130323248e-02
2.9845200000e+00 2.5379768751e-02
3.0368800000e+00 2.5620256224e-02
3.0892400000e+00 2.5851757980e-02
3.1416000000e+00 2.6074251597e-02
3.1939600000e+00 2.6287719899e-02
3.2463200000e+00 2.6492150929e-02
3.2986800000e+00 2.6687537916e-02
3.3510400000e+00 2.6873879244e-02
3.4034000000e+00 2.7051178410e-02
3.4557600000e+00 2.7219443981e-02
3.5081200000e+00 2.7378689552e-02
3.5604800000e+00 2.7528933691e-02
3.6128400000e+00 2.7670199887e-02
3.6652000000e+00 2.7802516495e-02
3.7175600000e+00 2.7925916667e-02
3.7699200000e+00 2.8040438299e-02
3.8222800000e+00 2.8146123950e-02
3.8746400000e+00 2.8243020784e-02
3.9270000000e+00 2.8331180482e-02
3.9793600000e+00 2.8410659177e-02
4.0317200000e+00 2.8481517364e-02
4.0840800000e+00 2.8543819821e-02
4.1364400000e+00 2.8597635522e-02
4.1888000000e+00 2.8643037546e-02
4.2411600000e+00 2.8680102989e-02
4.2935200000e+00 2.8708912866e-02
4.3458800000e+00 2.8729552017e-02
4.3982400000e+00 2.8742109006e-02
4.4506000000e+00 2.8746676023e-02
4.5029600000e+00 2.8743348778e-02
4.5553200000e+00 2.8732226397e-02
4.6076800000e+00 2.8713411316e-02
4.6600400000e+00 2.8687009171e-02
4.7124000000e+00 2.8653128691e-02
4.7647600000e+00 2.8611881581e-02
4.8171200000e+00 2.8563382416e-02
4.8694800000e+00 2.8507748520e-02
4.9218400000e+00 2.8445099856e-02
4.9742000000e+00 2.8375558907e-02
5.0265600000e+00 2.8299250562e-02
5.0789200000e+00 2.8216301992e-02
5.1312800000e+00 2.8126842540e-02
5.1836400000e+00 2.8031003595e-02
5.2360000000e+00 2.7928918476e-02
5.2883600000e+00 2.7820722314e-02
5.3407200000e+00 2.7706551927e-02
5.3930800000e+00 2.7586545707e-02
5.4454400000e+00 2.7460843493e-02
5.4978000000e+00 2.7329586460e-02
5.5501600000e+00 2.7192916991e-02
5.6025200000e+00 2.7050978567e-02
5.6548800000e+00 2.6903915640e-02
5.7072400000e+00 2.6751873524e-02
5.7596000000e+00 2.6594998272e-02
5.8119600000e+00 2.6433436563e-02
5.8643200000e+00 2.6267335585e-02
5.9166800000e+00 2.6096842925e-02
5.9690400000e+00 2.5922106452e-02
6.0214000000e+00 2.5743274207e-02
6.0737600000e+00 2.5560494293e-02
6.1261200000e+00 2.5373914766e-02
6.1784800000e+00 2.5183683530e-02
6.2308400000e+00 2.4989948228e-02
6.2832000000e+00 2.4792856137e-02
6.3355600000e+00 2.4592554072e-02
6.3879200000e+00 2.4389188281e-02
6.4402800000e+00 2.4182904346e-02
6.4926400000e+00 2.3973847089e-02
6.5450000000e+00 2.3762160478e-02
6.5973600000e+00 2.3547987531e-02
6.6497200000e+00 2.3331470231e-02
6.7020800000e+00 2.3112749434e-02
6.7544400000e+00 2.2891964786e-02
6.8068000000e+00 2.2669254639e-02
6.8591600000e+00 2.2444755971e-02
6.9115200000e+00 2.2218604306e-02
6.9638800000e+00 2.1990933639e-02
7.0162400000e+00 2.1761876364e-02
7.0686000000e+00 2.1531563202e-02
7.1209600000e+00 2.1300123134e-02
7.1733200000e+00 2.1067683334e-02
7.2256800000e+00 2.0834369107e-02
7.2780400000e+00 2.0600303828e-02
7.3304000000e+00 2.0365608888e-02
7.3827600000e+00 2.0130403634e-02
7.4351200000e+00 1.9894805322e-02
7.4874800000e+00 1.9658929065e-02
7.5398400000e+00 1.9422887786e-02
7.5922000000e+00 1.9186792177e-02
7.6445600000e+00 1.8950750656e-02
7.6969200000e+00 1.8714869328e-02
7.7492800000e+00 1.8479251953e-02
7.8016400000e+00 1.8243999910e-02
7.8540000000e+00 1.8009212167e-02
7.9063600000e+00 1.7774985257e-02
7.9587200000e+00 1.7541413248e-02
8.0110800000e+00 1.7308587729e-02
8.0634400000e+00 1.7076597781e-02
8.1158000000e+00 1.6845529969e-02
8.1681600000e+00 1.6615468322e-02
8.2205200000e+00 1.6386494325e-02
8.2728800000e+00 1.6158686909e-02
8.3252400000e+00 1.5932122444e-02
8.3776000000e+00 1.5706874735e-02
8.4299600000e+00 1.5483015022e-02
8.4823200000e+00 1.5260611980e-02
8.5346800000e+00 1.5039731720e-02
8.5870400000e+00 1.4820437800e-02
8.6394000000e+00 1.4602791226e-02
8.6917600000e+00 1.4386850466e-02
8.7441200000e+00 1.4172671461e-02
8.7964800000e+00 1.3960307641e-02
8.8488400000e+00 1.3749809937e-02
8.9012000000e+00 1.3541226803e-02
8.9535600000e+00 1.3334604236e-02
9.0059200000e+00 1.3129985794e-02
9.0582800000e+00 1.2927412625e-02
9.1106400000e+00 1.2726923489e-02
9.1630000000e+00 1.2528554785e-02
9.2153600000e+00 1.2332340584e-02
9.2677200000e+00 1.2138312655e-02
9.3200800000e+00 1.1946500498e-02
9.3724400000e+00 1.1756931379e-02
9.4248000000e+00 1.1569630361e-02
9.4771600000e+00 1.1384620346e-02
9.5295200000e+00 1.1201922106e-02
9.5818800000e+00 1.1021554324e-02
9.6342400000e+00 1.0843533636e-02
9.6866000000e+00 1.0667874667e-02
9.7389600000e+00 1.0494590076e-02
9.7913200000e+00 1.0323690594e-02
9.8436800000e+00 1.0155185076e-02
9.8960400000e+00 9.9890805331e-03
9.9484000000e+00 9.8253821884e-03
1.0000760000e+01 9.6640935150e-03
1.0053120000e+01 9.5052162853e-03
1.0105480000e+01 9.3487506164e-03
1.0157840000e+01 9.1946950177e-03
1.0210200000e+01 9.0430464375e-03
1.0262560000e+01 8.8938003110e-03
1.0314920000e+01 8.7469506086e-03
1.0367280000e+01 8.6024898833e-03
1.0419640000e+01 8.4604093196e-03
1.0472000000e+01 8.3206987815e-03
1.0524360000e+01 8.1833468610e-03
1.0576720000e+01 8.0483409266e-03
1.0629080000e+01 7.9156671716e-03
1.0681440000e+01 7.7853106621e-03
1.0733800000e+01 7.6572553851e-03
1.0786160000e+01 7.5314842964e-03
1.0838520000e+01 7.4079793678e-03
1.0890880000e+01 7.2867216344e-03
1.0943240000e+01 7.1676912417e-03
1.0995600000e+01 7.0508674914e-03
1.1047960000e+01 6.9362288876e-03
1.1100320000e+01 6.8237531821e-03
1.1152680000e+01 6.7134174194e-03
1.1205040000e+01 6.6051979809e-03
1.1257400000e+01 6.4990706284e-03
1.1309760000e+01 6.3950105472e-03
1.1362120000e+01 6.2929923885e-03
1.1414480000e+01 6.1929903106e-03
1.1466840000e+01 6.0949780204e-03
1.1519200000e+01 5.9989288125e-03
1.1571560000e+01 5.9048156095e-03
1.1623920000e+01 5.8126109994e-03
1.1676280000e+01 5.7222872739e-03
1.1728640000e+01 5.6338164645e-03
1.1781000000e+01 5.5471703788e-03
1.1833360000e+01 5.4623206348e-03
1.1885720000e+01 5.3792386952e-03
1.1938080000e+01 5.2978959003e-03
1.1990440000e+01 5.2182634998e-03
1.2042800000e+01 5.1403126840e-03
1.2095160000e+01 5.0640146138e-03
1.2147520000e+01 4.9893404497e-03
1.2199880000e+01 4.9162613800e-03
1.2252240000e+01 4.8447486474e-03
1.2304600000e+01 4.7747735755e-03
1.2356960000e+01 4.7063075936e-03
1.2409320000e+01 4.6393222608e-03
1.2461680000e+01 4.5737892886e-03
1.2514040000e+01 4.5096805633e-03
1.2566400000e+01 4.4469681668e-03
1.2618760000e+01 4.3856243964e-03
1.2671120000e+01 4.3256217838e-03
1.2723480000e+01 4.2669331132e-03
1.2775840000e+01 4.2095314380e-03
1.2828200000e+01 4.1533900969e-03
1.2880560000e+01 4.0984827290e-03
1.2932920000e+01 4.0447832876e-03
1.2985280000e+01 3.9922660535e-03
1.3037640000e+01 3.9409056473e-03
1.3090000000e+01 3.8906770400e-03
1.3142360000e+01 3.8415555643e-03
1.3194720000e+01 3.7935169234e-03
1.3247080000e+01 3.7465371996e-03
1.3299440000e+01 3.7005928625e-03
1.3351800000e+01 3.6556607756e-03
1.3404160000e+01 3.6117182023e-03
1.3456520000e+01 3.5687428114e-03
1.3508880000e+01 3.5267126816e-03
1.3561240000e+01 3.4856063053e-03
1.3613600000e+01 3.4454025917e-03
1.3665960000e+01 3.4060808687e-03
1.3718320000e+01 3.3676208853e-03
1.3770680000e+01 3.3300028120e-03
1.3823040000e+01 3.2932072414e-03
1.3875400000e+01 3.2572151877e-03
1.3927760000e+01 3.2220080862e-03
1.3980120000e+01 3.1875677916e-03
1.4032480000e+01 3.1538765761e-03
1.4084840000e+01 3.1209171268e-03
1.4137200000e+01 3.0886725429e-03
1.4189560000e+01 3.0571263318e-03
1.4241920000e+01 3.0262624057e-03
1.4294280000e+01 2.9960650769e-03
1.4346640000e+01 2.9665190531e-03
1.4399000000e+01 2.9376094323e-03
1.4451360000e+01 2.9093216973e-03
1.4503720000e+01 2.8816417095e-03
1.4556080000e+01 2.8545557036e-03
1.4608440000e+01 2.8280502803e-03
1.4660800000e+01 2.8021124000e-03
1.4713160000e+01 2.7767293759e-03
1.4765520000e+01 2.7518888666e-03
1.4817880000e+01 2.7275788690e-03
1.4870240000e+01 2.7037877108e-03
1.4922600000e+01 2.6805040423e-03
1.4974960000e+01 2.6577168293e-03
1.5027320000e+01 2.6354153446e-03
1.5079680000e+01 2.6135891603e-03
1.5132040000e+01 2.5922281393e-03
1.5184400000e+01 2.5713224276e-03
1.5236760000e+01 2.5508624457e-03
1.5289120000e+01 2.5308388807e-03
1.5341480000e+01 2.5112426775e-03
1.5393840000e+01 2.4920650313e-03
1.5446200000e+01 2.4732973787e-03
1.5498560000e+01 2.4549313900e-03
1.5550920000e+01 2.4369589607e-03
1.5603280000e+01 2.4193722037e-03
1.5655640000e+01 2.4021634414e-03
1.5708000000e+01 2.3853251974e-03
1.5760360000e+01 2.3688501892e-03
1.5812720000e+01 2.3527313201e-03
1.5865080000e+01 2.3369616721e-03
1.5917440000e+01 2.3215344980e-03
1.5969800000e+01 2.3064432148e-03
1.6022160000e+01 2.2916813957e-03
1.6074520000e+01 2.2772427641e-03
1.6126880000e+01 2.2631211862e-03
1.6179240000e+01 2.2493106646e-03
1.6231600000e+01 2.2358053318e-03
1.6283960000e+01 2.2225994443e-03
1.6336320000e+01 2.2096873761e-03
1.6388680000e+01 2.1970636132e-03
1.6441040000e+01 2.1847227478e-03
1.6493400000e+01 2.1726594730e-03
1.6545760000e+01 2.1608685774e-03
1.6598120000e+01 2.1493449403e-03
1.6650480000e+01 2.1380835268e-03
1.6702840000e+01 2.1270793832e-03
1.6755200000e+01 2.1163276326e-03
1.6807560000e+01 2.1058234707e-03
1.6859920000e+01 2.0955621622e-03
1.6912280000e+01 2.0855390365e-03
1.6964640000e+01 2.0757494846e-03
1.7017000000e+01 2.0661889556e-03
1.7069360000e+01 2.0568529538e-03
1.7121720000e+01 2.0477370354e-03
1.7174080000e+01 2.0388368062e-03
1.7226440000e+01 2.0301479189e-03
1.7278800000e+01 2.0216660708e-03
1.7331160000e+01 2.0133870017e-03
1.7383520000e+01 2.0053064919e-03
1.7435880000e+01 1.9974203607e-03
1.7488240000e+01 1.9897244644e-03
1.7540600000e+01 1.9822146955e-03
1.7592960000e+01 1.9748869809e-03
1.7645320000e+01 1.9677372809e-03
1.7697680000e+01 1.9607615889e-03
1.7750040000e+01 1.9539559297e-03
1.7802400000e+01 1.9473163598e-03
1.7854760000e+01 1.9408389662e-03
1.7907120000e+01 1.9345198665e-03
1.7959480000e+01 1.9283552085e-03
1.8011840000e+01 1.9223411704e-03
1.8064200000e+01 1.9164739601e-03
1.8116560000e+01 1.9107498163e-03
1.8168920000e+01 1.9051650079e-03
1.8221280000e+01 1.8997158349e-03
1.8273640000e+01 1.8943986284e-03
1.8326000000e+01 1.8892097515e-03
1.8378360000e+01 1.8841455994e-03
1.8430720000e+01 1.8792026005e-03
1.8483080000e+01 1.8743772169e-03
1.8535440000e+01 1.8696659450e-03
1.8587800000e+01 1.8650653166e-03
1.8640160000e+01 1.8605718996e-03
1.8692520000e+01 1.8561822990e-03
1.8744880000e+01 1.8518931576e-03
1.8797240000e+01 1.8477011574e-03
1.8849600000e+01 1.8436030198e-03
1.8901960000e+01 1.8395955076e-03
1.8954320000e+01 1.8356754252e-03
1.9006680000e+01 1.8318396198e-03
1.9059040000e+01 1.8280849826e-03
1.9111400000e+01 1.8244084497e-03
1.9163760000e+01 1.8208070031e-03
1.9216120000e+01 1.8172776715e-03
1.9268480000e+01 1.8138175314e-03
1.9320840000e+01 1.8104237083e-03
1.9373200000e+01 1.8070933770e-03
1.9425560000e+01 1.8038237629e-03
1.9477920000e+01 1.8006121430e-03
1.9530280000e+01 1.7974558462e-03
1.9582640000e+01 1.7943522544e-03
1.9635000000e+01 1.7912988032e-03
1.9687360000e+01 1.7882929824e-03
1.9739720000e+01 1.7853323369e-03
1.9792080000e+01 1.7824144671e-03
1.9844440000e+01 1.7795370294e-03
1.9896800000e+01 1.7766977369e-03
1.9949160000e+01 1.7738943593e-03
2.0001520000e+01 1.7711247240e-03
2.0053880000e+01 1.7683867157e-03
2.0106240000e+01 1.7656782771e-03
2.0158600000e+01 1.7629974089e-03
2.0210960000e+01 1.7603421700e-03
2.0263320000e+01 1.7577106772e-03
2.0315680000e+01 1.7551011060e-03
2.0368040000e+01 1.7525116895e-03
2.0420400000e+01 1.7499407192e-03
2.0472760000e+01 1.7473865442e-03
2.0525120000e+01 1.7448475713e-03
2.0577480000e+01 1.7423222643e-03
2.0629840000e+01 1.7398091442e-03
2.0682200000e+01 1.7373067883e-03
2.0734560000e+01 1.7348138299e-03
2.0786920000e+01 1.7323289577e-03
2.0839280000e+01 1.7298509153e-03
2.0891640000e+01 1.7273785004e-03
2.0944000000e+01 1.7249105644e-03
2.0996360000e+01 1.7224460113e-03
2.1048720000e+01 1.7199837970e-03
2.1101080000e+01 1.7175229287e-03
2.1153440000e+01 1.7150624635e-03
2.1205800000e+01 1.7126015082e-03
2.1258160000e+01 1.7101392176e-03
2.1310520000e+01 1.7076747940e-03
2.1362880000e+01 1.7052074858e-03
2.1415240000e+01 1.7027365869e-03
2.1467600000e+01 1.7002614349e-03
2.1519960000e+01 1.6977814106e-03
2.1572320000e+01 1.6952959366e-03
2.1624680000e+01 1.6928044761e-03
2.1677040000e+01 1.6903065315e-03
2.1729400000e+01 1.6878016437e-03
2.1781760000e+01 1.6852893903e-03
2.1834120000e+01 1.6827693846e-03
2.1886480000e+01 1.6802412745e-03
2.1938840000e+01 1.6777047409e-03
2.1991200000e+01 1.6751594964e-03
2.2043560000e+01 1.6726052845e-03
2.2095920000e+01 1.6700418778e-03
2.2148280000e+01 1.6674690769e-03
2.2200640000e+01 1.6648867091e-03
2.2253000000e+01 1.6622946272e-03
2.2305360000e+01 1.6596927081e-03
2.2357720000e+01 1.6570808517e-03
2.2410080000e+01 1.6544589794e-03
2.2462440000e+01 1.6518270331e-03
2.2514800000e+01 1.6491849739e-03
2.2567160000e+01 1.6465327807e-03
2.2619520000e+01 1.6438704495e-03
2.2671880000e+01 1.6411979917e-03
2.2724240000e+01 1.6385154332e-03
2.2776600000e+01 1.6358228134e-03
2.2828960000e+01 1.6331201839e-03
2.2881320000e+01 1.6304076074e-03
2.2933680000e+01 1.6276851570e-03
2.2986040000e+01 1.6249529146e-03
2.3038400000e+01 1.6222109706e-03
2.3090760000e+01 1.6194594226e-03
2.3143120000e+01 1.6166983742e-03
2.3195480000e+01 1.6139279349e-03
2.3247840000e+01 1.6111482184e-03
2.3300200000e+01 1.6083593422e-03
2.3352560000e+01 1.6055614271e-03
2.3404920000e+01 1.6027545958e-03
2.3457280000e+01 1.5999389726e-03
2.3509640000e+01 1.5971146828e-03
2.3562000000e+01 1.5942818519e-03
2.3614360000e+01 1.5914406048e-03
2.3666720000e+01 1.5885910658e-03
2.3719080000e+01 1.5857333576e-03
2.3771440000e+01 1.5828676009e-03
2.3823800000e+01 1.5799939140e-03
2.3876160000e+01 1.5771124125e-03
2.3928520000e+01 1.5742232088e-03
2.3980880000e+01 1.5713264116e-03
2.4033240000e+01 1.5684221260e-03
2.4085600000e+01 1.5655104528e-03
2.4137960000e+01 1.5625914884e-03
2.4190320000e+01 1.5596653249e-03
2.4242680000e+01 1.5567320494e-03
2.4295040000e+01 1.5537917441e-03
2.4347400000e+01 1.5508444864e-03
2.4399760000e+01 1.5478903484e-03
2.4452120000e+01 1.5449293972e-03
2.4504480000e+01 1.5419616947e-03
2.4556840000e+01 1.5389872975e-03
2.4609200000e+01 1.5360062571e-03
2.4661560000e+01 1.5330186201e-03
2.4713920000e+01 1.5300244278e-03
2.4766280000e+01 1.5270237167e-03
2.4818640000e+01 1.5240165185e-03
2.4871000000e+01 1.5210028600e-03
2.4923360000e+01 1.5179827639e-03
2.4975720000e+01 1.5149562480e-03
2.5028080000e+01 1.5119233265e-03
2.5080440000e+01 1.5088840092e-03
2.5132800000e+01 1.5058383024e-03
2.5185160000e+01 1.5027862088e-03
2.5237520000e+01 1.4997277278e-03
2.5289880000e+01 1.4966628559e-03
2.5342240000e+01 1.4935915868e-03
2.5394600000e+01 1.4905139116e-03
2.5446960000e+01 1.4874298194e-03
2.5499320000e+01 1.4843392972e-03
2.5551680000e+01 1.4812423305e-03
2.5604040000e+01 1.4781389033e-03
2.5656400000e+01 1.4750289988e-03
