0.0000000000e+00 0 0
5.2360000000e-02 0.00040625 0.00070875
1.0472000000e-01 0.000812342 0.00141719
1.5708000000e-01 0.00121812 0.00212503
2.0944000000e-01 0.00162342 0.00283195
2.6180000000e-01 0.0020281 0.00353765
3.1416000000e-01 0.00243199 0.00424183
3.6652000000e-01 0.00283494 0.00494419
4.1888000000e-01 0.00323678 0.00564442
4.7124000000e-01 0.00363738 0.00634223
5.2360000000e-01 0.00403657 0.00703732
5.7596000000e-01 0.0044342 0.0077294
6.2832000000e-01 0.00483011 0.00841816
6.8068000000e-01 0.00522416 0.00910333
7.3304000000e-01 0.0056162 0.00978462
7.8540000000e-01 0.00600607 0.0104617
8.3776000000e-01 0.00639364 0.0111344
8.9012000000e-01 0.00677874 0.0118023
9.4248000000e-01 0.00716124 0.0124652
9.9484000000e-01 0.007541 0.0131229
1.0472000000e+00 0.00791786 0.0137749
1.0995600000e+00 0.0082917 0.0144212
1.1519200000e+00 0.00866238 0.0150614
1.2042800000e+00 0.00902975 0.0156953
1.2566400000e+00 0.00939368 0.0163226
1.3090000000e+00 0.00975405 0.0169431
1.3613600000e+00 0.0101107 0.0175565
1.4137200000e+00 0.0104636 0.0181626
1.4660800000e+00 0.0108124 0.0187611
1.5184400000e+00 0.0111572 0.0193519
1.5708000000e+00 0.0114979 0.0199348
1.6231600000e+00 0.0118341 0.0205094
1.6755200000e+00 0.012166 0.0210756
1.7278800000e+00 0.0124933 0.0216333
1.7802400000e+00 0.012816 0.0221821
1.8326000000e+00 0.0131338 0.0227219
1.8849600000e+00 0.0134469 0.0232526
1.9373200000e+00 0.0137549 0.0237738
1.9896800000e+00 0.0140578 0.0242856
2.0420400000e+00 0.0143556 0.0247877
2.0944000000e+00 0.0146481 0.0252799
2.1467600000e+00 0.0149353 0.0257621
2.1991200000e+00 0.015217 0.0262342
2.2514800000e+00 0.0154932 0.026696
2.3038400000e+00 0.0157637 0.0271474
2.3562000000e+00 0.0160286 0.0275883
2.4085600000e+00 0.0162876 0.0280185
2.4609200000e+00 0.0165409 0.0284379
2.5132800000e+00 0.0167882 0.0288465
2.5656400000e+00 0.0170295 0.0292441
2.6180000000e+00 0.0172648 0.0296307
2.6703600000e+00 0.0174939 0.0300062
2.7227200000e+00 0.0177169 0.0303705
2.7750800000e+00 0.0179337 0.0307235
2.8274400000e+00 0.0181442 0.0310652
2.8798000000e+00 0.0183483 0.0313956
2.9321600000e+00 0.0185461 0.0317145
2.9845200000e+00 0.0187375 0.032022
3.0368800000e+00 0.0189224 0.0323181
3.0892400000e+00 0.0191009 0.0326026
3.1416000000e+00 0.0192728 0.0328757
3.1939600000e+00 0.0194382 0.0331373
3.2463200000e+00 0.019597 0.0333873
3.2986800000e+00 0.0197491 0.0336259
3.3510400000e+00 0.0198947 0.033853
3.4034000000e+00 0.0200336 0.0340687
3.4557600000e+00 0.0201659 0.034273
3.5081200000e+00 0.0202915 0.0344659
3.5604800000e+00 0.0204104 0.0346474
3.6128400000e+00 0.0205227 0.0348177
3.6652000000e+00 0.0206283 0.0349768
3.7175600000e+00 0.0207271 0.0351247
3.7699200000e+00 0.0208193 0.0352615
3.8222800000e+00 0.0209048 0.0353874
3.8746400000e+00 0.0209837 0.0355024
3.9270000000e+00 0.0210559 0.0356065
3.9793600000e+00 0.0211214 0.0356999
4.0317200000e+00 0.0211803 0.0357827
4.0840800000e+00 0.0212326 0.035855
4.1364400000e+00 0.0212783 0.035917
4.1888000000e+00 0.0213174 0.0359686
4.2411600000e+00 0.02135 0.0360102
4.2935200000e+00 0.0213761 0.0360418
4.3458800000e+00 0.0213956 0.0360635
4.3982400000e+00 0.0214087 0.0360755
4.4506000000e+00 0.0214154 0.0360779
4.5029600000e+00 0.0214157 0.036071
4.5553200000e+00 0.0214097 0.0360548
4.6076800000e+00 0.0213973 0.0360295
4.6600400000e+00 0.0213787 0.0359954
4.7124000000e+00 0.0213538 0.0359525
4.7647600000e+00 0.0213227 0.035901
4.8171200000e+00 0.0212856 0.0358412
4.8694800000e+00 0.0212423 0.0357732
4.9218400000e+00 0.021193 0.0356972
4.9742000000e+00 0.0211377 0.0356134
5.0265600000e+00 0.0210765 0.035522
5.0789200000e+00 0.0210094 0.0354232
5.1312800000e+00 0.0209365 0.0353172
5.1836400000e+00 0.0208578 0.0352042
5.2360000000e+00 0.0207734 0.0350844
5.2883600000e+00 0.0206834 0.034958
5.3407200000e+00 0.0205879 0.0348252
5.3930800000e+00 0.0204868 0.0346863
5.4454400000e+00 0.0203803 0.0345414
5.4978000000e+00 0.0202684 0.0343908
5.5501600000e+00 0.0201512 0.0342347
5.6025200000e+00 0.0200287 0.0340732
5.6548800000e+00 0.0199011 0.0339067
5.7072400000e+00 0.0197685 0.0337353
5.7596000000e+00 0.0196308 0.0335592
5.8119600000e+00 0.0194882 0.0333787
5.8643200000e+00 0.0193407 0.033194
5.9166800000e+00 0.0191884 0.0330053
5.9690400000e+00 0.0190315 0.0328127
6.0214000000e+00 0.01887 0.0326166
6.0737600000e+00 0.0187039 0.0324171
6.1261200000e+00 0.0185334 0.0322144
6.1784800000e+00 0.0183586 0.0320087
6.2308400000e+00 0.0181796 0.0318003
6.2832000000e+00 0.0179964 0.0315894
6.3355600000e+00 0.0178091 0.031376
6.3879200000e+00 0.0176179 0.0311605
6.4402800000e+00 0.0174228 0.030943
6.4926400000e+00 0.017224 0.0307237
6.5450000000e+00 0.0170215 0.0305028
6.5973600000e+00 0.0168155 0.0302804
6.6497200000e+00 0.0166061 0.0300568
6.7020800000e+00 0.0163934 0.0298321
6.7544400000e+00 0.0161775 0.0296065
6.8068000000e+00 0.0159584 0.0293801
6.8591600000e+00 0.0157364 0.0291531
6.9115200000e+00 0.0155116 0.0289256
6.9638800000e+00 0.0152841 0.0286978
7.0162400000e+00 0.0150539 0.0284699
7.0686000000e+00 0.0148213 0.0282419
7.1209600000e+00 0.0145863 0.028014
7.1733200000e+00 0.0143491 0.0277863
7.2256800000e+00 0.0141098 0.027559
7.2780400000e+00 0.0138685 0.0273321
7.3304000000e+00 0.0136255 0.0271058
7.3827600000e+00 0.0133807 0.0268801
7.4351200000e+00 0.0131344 0.0266553
7.4874800000e+00 0.0128866 0.0264313
7.5398400000e+00 0.0126375 0.0262082
7.5922000000e+00 0.0123873 0.0259862
7.6445600000e+00 0.0121361 0.0257654
7.6969200000e+00 0.011884 0.0255457
7.7492800000e+00 0.0116312 0.0253273
7.8016400000e+00 0.0113777 0.0251103
7.8540000000e+00 0.0111237 0.0248947
7.9063600000e+00 0.0108694 0.0246805
7.9587200000e+00 0.0106149 0.0244679
8.0110800000e+00 0.0103603 0.0242569
8.0634400000e+00 0.0101057 0.0240475
8.1158000000e+00 0.00985132 0.0238397
8.1681600000e+00 0.00959721 0.0236337
8.2205200000e+00 0.00934352 0.0234295
8.2728800000e+00 0.00909036 0.023227
8.3252400000e+00 0.00883787 0.0230264
8.3776000000e+00 0.00858615 0.0228276
8.4299600000e+00 0.00833533 0.0226307
8.4823200000e+00 0.0080855 0.0224357
8.5346800000e+00 0.00783679 0.0222427
8.5870400000e+00 0.00758929 0.0220516
8.6394000000e+00 0.00734312 0.0218625
8.6917600000e+00 0.00709837 0.0216753
8.7441200000e+00 0.00685515 0.0214902
8.7964800000e+00 0.00661354 0.0213071
8.8488400000e+00 0.00637363 0.021126
8.9012000000e+00 0.00613553 0.0209469
8.9535600000e+00 0.00589931 0.0207699
9.0059200000e+00 0.00566505 0.0205949
9.0582800000e+00 0.00543283 0.020422
9.1106400000e+00 0.00520273 0.0202511
9.1630000000e+00 0.00497482 0.0200823
9.2153600000e+00 0.00474918 0.0199155
9.2677200000e+00 0.00452586 0.0197508
9.3200800000e+00 0.00430492 0.0195881
9.3724400000e+00 0.00408644 0.0194274
9.4248000000e+00 0.00387045 0.0192688
9.4771600000e+00 0.00365703 0.0191122
9.5295200000e+00 0.00344621 0.0189576
9.5818800000e+00 0.00323804 0.0188051
9.6342400000e+00 0.00303256 0.0186545
9.6866000000e+00 0.00282982 0.0185059
9.7389600000e+00 0.00262985 0.0183593
9.7913200000e+00 0.00243268 0.0182147
9.8436800000e+00 0.00223836 0.018072
9.8960400000e+00 0.00204689 0.0179313
9.9484000000e+00 0.00185832 0.0177924
1.0000760000e+01 0.00167266 0.0176555
1.0053120000e+01 0.00148993 0.0175205
1.0105480000e+01 0.00131015 0.0173873
1.0157840000e+01 0.00113333 0.0172561
1.0210200000e+01 0.000959493 0.0171266
1.0262560000e+01 0.000788635 0.016999
1.0314920000e+01 0.000620768 0.0168731
1.0367280000e+01 0.000455897 0.0167491
1.0419640000e+01 0.000294024 0.0166268
1.0472000000e+01 0.000135148 0.0165062
1.0524360000e+01 -2.07322e-05 0.0163874
1.0576720000e+01 -0.000173622 0.0162703
1.0629080000e+01 -0.000323527 0.0161549
1.0681440000e+01 -0.000470455 0.0160411
1.0733800000e+01 -0.000614418 0.0159289
1.0786160000e+01 -0.000755426 0.0158184
1.0838520000e+01 -0.000893495 0.0157095
1.0890880000e+01 -0.00102864 0.0156021
1.0943240000e+01 -0.00116088 0.0154963
1.0995600000e+01 -0.00129022 0.015392
1.1047960000e+01 -0.0014167 0.0152892
1.1100320000e+01 -0.00154034 0.0151878
1.1152680000e+01 -0.00166115 0.015088
1.1205040000e+01 -0.00177916 0.0149896
1.1257400000e+01 -0.00189439 0.0148925
1.1309760000e+01 -0.00200688 0.0147969
1.1362120000e+01 -0.00211665 0.0147026
1.1414480000e+01 -0.00222373 0.0146097
1.1466840000e+01 -0.00232815 0.0145181
1.1519200000e+01 -0.00242994 0.0144278
1.1571560000e+01 -0.00252913 0.0143388
1.1623920000e+01 -0.00262575 0.014251
1.1676280000e+01 -0.00271984 0.0141644
1.1728640000e+01 -0.00281144 0.0140791
1.1781000000e+01 -0.00290057 0.0139949
1.1833360000e+01 -0.00298726 0.0139119
1.1885720000e+01 -0.00307157 0.01383
1.1938080000e+01 -0.00315352 0.0137493
1.1990440000e+01 -0.00323314 0.0136697
1.2042800000e+01 -0.00331048 0.0135911
1.2095160000e+01 -0.00338558 0.0135136
1.2147520000e+01 -0.00345846 0.0134371
1.2199880000e+01 -0.00352918 0.0133617
1.2252240000e+01 -0.00359775 0.0132873
1.2304600000e+01 -0.00366424 0.0132138
1.2356960000e+01 -0.00372866 0.0131413
1.2409320000e+01 -0.00379107 0.0130697
1.2461680000e+01 -0.00385149 0.0129991
1.2514040000e+01 -0.00390997 0.0129293
1.2566400000e+01 -0.00396655 0.0128605
1.2618760000e+01 -0.00402126 0.0127925
1.2671120000e+01 -0.00407414 0.0127254
1.2723480000e+01 -0.00412523 0.0126591
1.2775840000e+01 -0.00417457 0.0125936
1.2828200000e+01 -0.0042222 0.012529
1.2880560000e+01 -0.00426814 0.0124651
1.2932920000e+01 -0.00431245 0.012402
1.2985280000e+01 -0.00435515 0.0123397
1.3037640000e+01 -0.00439628 0.0122781
1.3090000000e+01 -0.00443588 0.0122172
1.3142360000e+01 -0.00447399 0.0121571
1.3194720000e+01 -0.00451063 0.0120977
1.3247080000e+01 -0.00454586 0.0120389
1.3299440000e+01 -0.00457969 0.0119809
1.3351800000e+01 -0.00461216 0.0119235
1.3404160000e+01 -0.00464331 0.0118668
1.3456520000e+01 -0.00467318 0.0118107
1.3508880000e+01 -0.00470179 0.0117552
1.3561240000e+01 -0.00472917 0.0117004
1.3613600000e+01 -0.00475536 0.0116462
1.3665960000e+01 -0.00478039 0.0115926
1.3718320000e+01 -0.00480429 0.0115395
1.3770680000e+01 -0.0048271 0.0114871
1.3823040000e+01 -0.00484883 0.0114352
1.3875400000e+01 -0.00486952 0.011384
1.3927760000e+01 -0.0048892 0.0113332
1.3980120000e+01 -0.0049079 0.011283
1.4032480000e+01 -0.00492565 0.0112334
1.4084840000e+01 -0.00494246 0.0111843
1.4137200000e+01 -0.00495838 0.0111357
1.4189560000e+01 -0.00497341 0.0110877
1.4241920000e+01 -0.0049876 0.0110401
1.4294280000e+01 -0.00500096 0.0109931
1.4346640000e+01 -0.00501353 0.0109466
1.4399000000e+01 -0.00502531 0.0109005
1.4451360000e+01 -0.00503634 0.010855
1.4503720000e+01 -0.00504665 0.0108099
1.4556080000e+01 -0.00505624 0.0107654
1.4608440000e+01 -0.00506515 0.0107212
1.4660800000e+01 -0.00507339 0.0106776
1.4713160000e+01 -0.00508098 0.0106344
1.4765520000e+01 -0.00508795 0.0105917
1.4817880000e+01 -0.00509432 0.0105495
1.4870240000e+01 -0.0051001 0.0105077
1.4922600000e+01 -0.00510531 0.0104663
1.4974960000e+01 -0.00510997 0.0104254
1.5027320000e+01 -0.0051141 0.0103849
1.5079680000e+01 -0.00511772 0.0103449
1.5132040000e+01 -0.00512084 0.0103053
1.5184400000e+01 -0.00512347 0.0102661
1.5236760000e+01 -0.00512564 0.0102274
1.5289120000e+01 -0.00512737 0.010189
1.5341480000e+01 -0.00512865 0.0101511
1.5393840000e+01 -0.00512951 0.0101136
1.5446200000e+01 -0.00512997 0.0100766
1.5498560000e+01 -0.00513004 0.0100399
1.5550920000e+01 -0.00512972 0.0100036
1.5603280000e+01 -0.00512904 0.00996778
1.5655640000e+01 -0.005128 0.00993233
1.5708000000e+01 -0.00512662 0.00989727
1.5760360000e+01 -0.00512491 0.00986261
1.5812720000e+01 -0.00512288 0.00982834
1.5865080000e+01 -0.00512054 0.00979447
1.5917440000e+01 -0.00511791 0.00976098
1.5969800000e+01 -0.00511499 0.00972788
1.6022160000e+01 -0.00511179 0.00969516
1.6074520000e+01 -0.00510833 0.00966281
1.6126880000e+01 -0.00510461 0.00963085
1.6179240000e+01 -0.00510064 0.00959926
1.6231600000e+01 -0.00509643 0.00956804
1.6283960000e+01 -0.00509199 0.00953719
1.6336320000e+01 -0.00508733 0.00950671
1.6388680000e+01 -0.00508246 0.00947659
1.6441040000e+01 -0.00507738 0.00944683
1.6493400000e+01 -0.00507211 0.00941743
1.6545760000e+01 -0.00506664 0.00938838
1.6598120000e+01 -0.00506099 0.00935968
1.6650480000e+01 -0.00505517 0.00933134
1.6702840000e+01 -0.00504918 0.00930333
1.6755200000e+01 -0.00504302 0.00927568
1.6807560000e+01 -0.00503671 0.00924836
1.6859920000e+01 -0.00503025 0.00922137
1.6912280000e+01 -0.00502365 0.00919473
1.6964640000e+01 -0.00501691 0.00916841
1.7017000000e+01 -0.00501004 0.00914241
1.7069360000e+01 -0.00500304 0.00911675
1.7121720000e+01 -0.00499592 0.0090914
1.7174080000e+01 -0.00498869 0.00906637
1.7226440000e+01 -0.00498135 0.00904165
1.7278800000e+01 -0.00497391 0.00901724
1.7331160000e+01 -0.00496636 0.00899314
1.7383520000e+01 -0.00495873 0.00896934
1.7435880000e+01 -0.004951 0.00894584
1.7488240000e+01 -0.00494318 0.00892263
1.7540600000e+01 -0.00493529 0.00889972
1.7592960000e+01 -0.00492732 0.00887709
1.7645320000e+01 -0.00491928 0.00885475
1.7697680000e+01 -0.00491116 0.00883269
1.7750040000e+01 -0.00490299 0.0088109
1.7802400000e+01 -0.00489475 0.00878939
1.7854760000e+01 -0.00488646 0.00876814
1.7907120000e+01 -0.00487812 0.00874716
1.7959480000e+01 -0.00486973 0.00872644
1.8011840000e+01 -0.00486129 0.00870597
1.8064200000e+01 -0.00485281 0.00868576
1.8116560000e+01 -0.0048443 0.0086658
1.8168920000e+01 -0.00483575 0.00864608
1.8221280000e+01 -0.00482716 0.0086266
1.8273640000e+01 -0.00481855 0.00860735
1.8326000000e+01 -0.00480992 0.00858834
1.8378360000e+01 -0.00480126 0.00856955
1.8430720000e+01 -0.00479258 0.00855099
1.8483080000e+01 -0.00478389 0.00853264
1.8535440000e+01 -0.00477518 0.00851451
1.8587800000e+01 -0.00476647 0.0084966
1.8640160000e+01 -0.00475774 0.00847889
1.8692520000e+01 -0.00474901 0.00846138
1.8744880000e+01 -0.00474028 0.00844407
1.8797240000e+01 -0.00473155 0.00842695
1.8849600000e+01 -0.00472282 0.00841002
1.8901960000e+01 -0.00471409 0.00839328
1.8954320000e+01 -0.00470537 0.00837672
1.9006680000e+01 -0.00469666 0.00836034
1.9059040000e+01 -0.00468797 0.00834414
1.9111400000e+01 -0.00467928 0.0083281
1.9163760000e+01 -0.00467062 0.00831223
1.9216120000e+01 -0.00466197 0.00829652
1.9268480000e+01 -0.00465334 0.00828098
1.9320840000e+01 -0.00464473 0.00826558
1.9373200000e+01 -0.00463615 0.00825034
1.9425560000e+01 -0.00462759 0.00823524
1.9477920000e+01 -0.00461906 0.00822029
1.9530280000e+01 -0.00461056 0.00820547
1.9582640000e+01 -0.00460209 0.0081908
1.9635000000e+01 -0.00459365 0.00817625
1.9687360000e+01 -0.00458525 0.00816184
1.9739720000e+01 -0.00457688 0.00814755
1.9792080000e+01 -0.00456855 0.00813338
1.9844440000e+01 -0.00456026 0.00811933
1.9896800000e+01 -0.004552 0.0081054
1.9949160000e+01 -0.00454379 0.00809158
2.0001520000e+01 -0.00453562 0.00807787
2.0053880000e+01 -0.00452749 0.00806426
2.0106240000e+01 -0.00451941 0.00805076
2.0158600000e+01 -0.00451137 0.00803736
2.0210960000e+01 -0.00450338 0.00802406
2.0263320000e+01 -0.00449543 0.00801085
2.0315680000e+01 -0.00448753 0.00799774
2.0368040000e+01 -0.00447969 0.00798471
2.0420400000e+01 -0.00447189 0.00797177
2.0472760000e+01 -0.00446414 0.00795892
2.0525120000e+01 -0.00445645 0.00794614
2.0577480000e+01 -0.0044488 0.00793345
2.0629840000e+01 -0.00444121 0.00792083
2.0682200000e+01 -0.00443367 0.00790829
2.0734560000e+01 -0.00442619 0.00789581
2.0786920000e+01 -0.00441876 0.00788341
2.0839280000e+01 -0.00441138 0.00787108
2.0891640000e+01 -0.00440406 0.00785881
2.0944000000e+01 -0.00439679 0.00784661
2.0996360000e+01 -0.00438958 0.00783447
2.1048720000e+01 -0.00438242 0.00782239
2.1101080000e+01 -0.00437532 0.00781037
2.1153440000e+01 -0.00436827 0.0077984
2.1205800000e+01 -0.00436129 0.00778649
2.1258160000e+01 -0.00435435 0.00777463
2.1310520000e+01 -0.00434748 0.00776282
2.1362880000e+01 -0.00434065 0.00775107
2.1415240000e+01 -0.00433389 0.00773936
2.1467600000e+01 -0.00432718 0.0077277
2.1519960000e+01 -0.00432052 0.00771609
2.1572320000e+01 -0.00431392 0.00770452
2.1624680000e+01 -0.00430738 0.00769299
2.1677040000e+01 -0.00430089 0.00768151
2.1729400000e+01 -0.00429446 0.00767006
2.1781760000e+01 -0.00428808 0.00765866
2.1834120000e+01 -0.00428175 0.00764729
2.1886480000e+01 -0.00427548 0.00763596
2.1938840000e+01 -0.00426926 0.00762467
2.1991200000e+01 -0.0042631 0.00761342
2.2043560000e+01 -0.00425698 0.00760219
2.2095920000e+01 -0.00425092 0.00759101
2.2148280000e+01 -0.00424491 0.00757985
2.2200640000e+01 -0.00423896 0.00756873
2.2253000000e+01 -0.00423305 0.00755764
2.2305360000e+01 -0.00422719 0.00754658
2.2357720000e+01 -0.00422138 0.00753554
2.2410080000e+01 -0.00421562 0.00752454
2.2462440000e+01 -0.00420991 0.00751357
2.2514800000e+01 -0.00420425 0.00750262
2.2567160000e+01 -0.00419863 0.0074917
2.2619520000e+01 -0.00419307 0.00748081
2.2671880000e+01 -0.00418754 0.00746994
2.2724240000e+01 -0.00418207 0.0074591
2.2776600000e+01 -0.00417663 0.00744828
2.2828960000e+01 -0.00417125 0.00743749
2.2881320000e+01 -0.0041659 0.00742672
2.2933680000e+01 -0.0041606 0.00741597
2.2986040000e+01 -0.00415534 0.00740525
2.3038400000e+01 -0.00415012 0.00739454
2.3090760000e+01 -0.00414495 0.00738386
2.3143120000e+01 -0.00413981 0.00737321
2.3195480000e+01 -0.00413471 0.00736257
2.3247840000e+01 -0.00412966 0.00735195
2.3300200000e+01 -0.00412464 0.00734136
2.3352560000e+01 -0.00411966 0.00733078
2.3404920000e+01 -0.00411472 0.00732023
2.3457280000e+01 -0.00410981 0.00730969
2.3509640000e+01 -0.00410494 0.00729917
2.3562000000e+01 -0.00410011 0.00728867
2.3614360000e+01 -0.00409531 0.00727819
2.3666720000e+01 -0.00409055 0.00726773
2.3719080000e+01 -0.00408582 0.00725728
2.3771440000e+01 -0.00408112 0.00724685
2.3823800000e+01 -0.00407646 0.00723644
2.3876160000e+01 -0.00407183 0.00722605
2.3928520000e+01 -0.00406723 0.00721567
2.3980880000e+01 -0.00406266 0.00720531
2.4033240000e+01 -0.00405812 0.00719497
2.4085600000e+01 -0.00405362 0.00718464
2.4137960000e+01 -0.00404914 0.00717433
2.4190320000e+01 -0.0040447 0.00716403
2.4242680000e+01 -0.00404028 0.00715375
2.4295040000e+01 -0.0040359 0.00714348
2.4347400000e+01 -0.00403154 0.00713323
2.4399760000e+01 -0.00402721 0.00712299
2.4452120000e+01 -0.00402291 0.00711277
2.4504480000e+01 -0.00401863 0.00710256
2.4556840000e+01 -0.00401439 0.00709236
2.4609200000e+01 -0.00401017 0.00708218
2.4661560000e+01 -0.00400597 0.00707201
2.4713920000e+01 -0.00400181 0.00706186
2.4766280000e+01 -0.00399767 0.00705171
2.4818640000e+01 -0.00399355 0.00704159
2.4871000000e+01 -0.00398946 0.00703147
2.4923360000e+01 -0.0039854 0.00702137
2.4975720000e+01 -0.00398137 0.00701128
2.5028080000e+01 -0.00397735 0.0070012
2.5080440000e+01 -0.00397337 0.00699114
2.5132800000e+01 -0.00396941 0.00698108
2.5185160000e+01 -0.00396547 0.00697104
2.5237520000e+01 -0.00396156 0.00696101
2.5289880000e+01 -0.00395767 0.006951
2.5342240000e+01 -0.00395381 0.00694099
2.5394600000e+01 -0.00394997 0.006931
2.5446960000e+01 -0.00394616 0.00692102
2.5499320000e+01 -0.00394237 0.00691105
2.5551680000e+01 -0.0039386 0.00690109
2.5604040000e+01 -0.00393486 0.00689114
2.5656400000e+01 -0.00393114 0.0068812
