0.0000000000e+00   0.0000000000e+00   0.0000000000e+00   
1.0000000000e-01   1.4978660919e-03   8.9173135204e-05   
2.0000000000e-01   2.9928665510e-03   1.7744361189e-04   
3.0000000000e-01   4.4821436251e-03   2.6391736210e-04   
4.0000000000e-01   5.9628553012e-03   3.4771743290e-04   
5.0000000000e-01   7.4321831203e-03   4.2799237992e-04   
6.0000000000e-01   8.8873399259e-03   5.0392446902e-04   
7.0000000000e-01   1.0325577525e-02   5.7473762965e-04   
8.0000000000e-01   1.1744194239e-02   6.3970511163e-04   
9.0000000000e-01   1.3140542325e-02   6.9815680715e-04   
1.0000000000e+00   1.4512035243e-02   7.4948621433e-04   
1.1000000000e+00   1.5856154747e-02   7.9315703886e-04   
1.2000000000e+00   1.7170457790e-02   8.2870945801e-04   
1.3000000000e+00   1.8452583201e-02   8.5576611202e-04   
1.4000000000e+00   1.9700258137e-02   8.7403794723e-04   
1.5000000000e+00   2.0911304275e-02   8.8333012558e-04   
1.6000000000e+00   2.2083643724e-02   8.8354835584e-04   
1.7000000000e+00   2.3215304654e-02   8.7470622768e-04   
1.8000000000e+00   2.4304426599e-02   8.5693450275e-04   
1.9000000000e+00   2.5349265441e-02   8.3049395126e-04   
2.0000000000e+00   2.6348198039e-02   7.9579443051e-04   
2.1000000000e+00   2.7299726492e-02   7.5342488798e-04   
2.2000000000e+00   2.8202482031e-02   7.0420260289e-04   
2.3000000000e+00   2.9055228508e-02   6.4925667029e-04   
2.4000000000e+00   2.9856865480e-02   5.9017277792e-04   
2.5000000000e+00   3.0606430871e-02   5.2924578328e-04   
2.6000000000e+00   3.1303103203e-02   4.6990592214e-04   
2.7000000000e+00   3.1946203385e-02   4.1734238849e-04   
2.8000000000e+00   3.2535196041e-02   3.7900531157e-04   
2.9000000000e+00   3.3069690397e-02   3.6367929376e-04   
3.0000000000e+00   3.3549440680e-02   3.7753916102e-04   
3.1000000000e+00   3.3974346065e-02   4.1993048520e-04   
3.2000000000e+00   3.4344450141e-02   4.8461015565e-04   
3.3000000000e+00   3.4659939899e-02   5.6431744053e-04   
3.4000000000e+00   3.4921144252e-02   6.5327768706e-04   
3.5000000000e+00   3.5128532080e-02   7.4740427424e-04   
3.6000000000e+00   3.5282709806e-02   8.4381426473e-04   
3.7000000000e+00   3.5384418510e-02   9.4038660558e-04   
3.8000000000e+00   3.5434530587e-02   1.0354776420e-03   
3.9000000000e+00   3.5434045963e-02   1.1277547074e-03   
4.0000000000e+00   3.5384087874e-02   1.2161013591e-03   
4.1000000000e+00   3.5285898223e-02   1.2995637682e-03   
4.2000000000e+00   3.5140832537e-02   1.3773205904e-03   
4.3000000000e+00   3.4950354534e-02   1.4486663621e-03   
4.4000000000e+00   3.4716030320e-02   1.5130027810e-03   
4.5000000000e+00   3.4439522239e-02   1.5698346168e-03   
4.6000000000e+00   3.4122582400e-02   1.6187683348e-03   
4.7000000000e+00   3.3767045900e-02   1.6595122764e-03   
4.8000000000e+00   3.3374823776e-02   1.6918776906e-03   
4.9000000000e+00   3.2947895709e-02   1.7157801839e-03   
5.0000000000e+00   3.2488302507e-02   1.7312413196e-03   
5.1000000000e+00   3.1998138407e-02   1.7383902132e-03   
5.2000000000e+00   3.1479543211e-02   1.7374650287e-03   
5.3000000000e+00   3.0934694311e-02   1.7288143249e-03   
5.4000000000e+00   3.0365798608e-02   1.7128982068e-03   
5.5000000000e+00   2.9775084391e-02   1.6902892171e-03   
5.6000000000e+00   2.9164793180e-02   1.6616728392e-03   
5.7000000000e+00   2.8537171593e-02   1.6278473648e-03   
5.8000000000e+00   2.7894463252e-02   1.5897226783e-03   
5.9000000000e+00   2.7238900783e-02   1.5483172063e-03   
6.0000000000e+00   2.6572697928e-02   1.5047518522e-03   
6.1000000000e+00   2.5898041808e-02   1.4602391867e-03   
6.2000000000e+00   2.5217085382e-02   1.4160655683e-03   
6.3000000000e+00   2.4531940123e-02   1.3735633946e-03   
6.4000000000e+00   2.3844668943e-02   1.3340707014e-03   
6.5000000000e+00   2.3157279410e-02   1.2988763401e-03   
6.6000000000e+00   2.2471717274e-02   1.2691515081e-03   
6.7000000000e+00   2.1789860344e-02   1.2458726388e-03   
6.8000000000e+00   2.1113512721e-02   1.2297457678e-03   
6.9000000000e+00   2.0444399444e-02   1.2211464592e-03   
7.0000000000e+00   1.9784161537e-02   1.2200895641e-03   
7.1000000000e+00   1.9134351505e-02   1.2262379535e-03   
7.2000000000e+00   1.8496429285e-02   1.2389501511e-03   
7.3000000000e+00   1.7871758667e-02   1.2573572965e-03   
7.4000000000e+00   1.7261604204e-02   1.2804542143e-03   
7.5000000000e+00   1.6667128623e-02   1.3071892456e-03   
7.6000000000e+00   1.6089390733e-02   1.3365416720e-03   
7.7000000000e+00   1.5529343852e-02   1.3675812193e-03   
7.8000000000e+00   1.4987834748e-02   1.3995089244e-03   
7.9000000000e+00   1.4465603089e-02   1.4316815350e-03   
8.0000000000e+00   1.3963281404e-02   1.4636227002e-03   
8.1000000000e+00   1.3481395560e-02   1.4950240969e-03   
8.2000000000e+00   1.3020365716e-02   1.5257389725e-03   
8.3000000000e+00   1.2580507785e-02   1.5557697975e-03   
8.4000000000e+00   1.2162035349e-02   1.5852510706e-03   
8.5000000000e+00   1.1765062038e-02   1.6144278920e-03   
8.6000000000e+00   1.1389604342e-02   1.6436307561e-03   
8.7000000000e+00   1.1035584838e-02   1.6732470773e-03   
8.8000000000e+00   1.0702835811e-02   1.7036902201e-03   
8.9000000000e+00   1.0391103233e-02   1.7353671680e-03   
9.0000000000e+00   1.0100051083e-02   1.7686463608e-03   
9.1000000000e+00   9.8292659797e-03   1.8038275201e-03   
9.2000000000e+00   9.5782620829e-03   1.8411153834e-03   
9.3000000000e+00   9.3464862455e-03   1.8805991032e-03   
9.4000000000e+00   9.1333233753e-03   1.9222386277e-03   
9.5000000000e+00   8.9381019746e-03   1.9658587398e-03   
9.6000000000e+00   8.7600998212e-03   2.0111507013e-03   
9.7000000000e+00   8.5985497571e-03   2.0576807776e-03   
9.8000000000e+00   8.4526455481e-03   2.1049044123e-03   
9.9000000000e+00   8.3215477792e-03   2.1521845506e-03   
1.0000000000e+01   8.2043897493e-03   2.1988125718e-03   
1.0100000000e+01   8.1002833326e-03   2.2440304373e-03   
1.0200000000e+01   8.0083247699e-03   2.2870529255e-03   
1.0300000000e+01   7.9276003578e-03   2.3270891297e-03   
1.0400000000e+01   7.8571920037e-03   2.3633626905e-03   
1.0500000000e+01   7.7961826160e-03   2.3951304849e-03   
1.0600000000e+01   7.7436612986e-03   2.4216996859e-03   
1.0700000000e+01   7.6987283247e-03   2.4424432387e-03   
1.0800000000e+01   7.6604998618e-03   2.4568138863e-03   
1.0900000000e+01   7.6281124266e-03   2.4643569249e-03   
1.1000000000e+01   7.6007270463e-03   2.4647218928e-03   
1.1100000000e+01   7.5775331084e-03   2.4576734057e-03   
1.1200000000e+01   7.5577518831e-03   2.4431013445e-03   
1.1300000000e+01   7.5406397016e-03   2.4210305938e-03   
1.1400000000e+01   7.5254907824e-03   2.3916305033e-03   
1.1500000000e+01   7.5116396930e-03   2.3552241983e-03   
1.1600000000e+01   7.4984634438e-03   2.3122977857e-03   
1.1700000000e+01   7.4853832089e-03   2.2635093526e-03   
1.1800000000e+01   7.4718656733e-03   2.2096974038e-03   
1.1900000000e+01   7.4574240094e-03   2.1518879674e-03   
1.2000000000e+01   7.4416184850e-03   2.0912989588e-03   
1.2100000000e+01   7.4240567118e-03   2.0293394469e-03   
1.2200000000e+01   7.4043935431e-03   1.9676002205e-03   
1.2300000000e+01   7.3823306314e-03   1.9078306116e-03   
1.2400000000e+01   7.3576156616e-03   1.8518953104e-03   
1.2500000000e+01   7.3300412747e-03   1.8017047510e-03   
1.2600000000e+01   7.2994436995e-03   1.7591148440e-03   
1.2700000000e+01   7.2657011142e-03   1.7257976918e-03   
1.2800000000e+01   7.2287317557e-03   1.7030946474e-03   
1.2900000000e+01   7.1884918036e-03   1.6918742637e-03   
1.3000000000e+01   7.1449730590e-03   1.6924249406e-03   
1.3100000000e+01   7.0982004458e-03   1.7044094372e-03   
1.3200000000e+01   7.0482293583e-03   1.7268941071e-03   
1.3300000000e+01   6.9951428835e-03   1.7584452477e-03   
1.3400000000e+01   6.9390489233e-03   1.7972681840e-03   
1.3500000000e+01   6.8800772434e-03   1.8413588970e-03   
1.3600000000e+01   6.8183764776e-03   1.8886432312e-03   
1.3700000000e+01   6.7541111125e-03   1.9370896207e-03   
1.3800000000e+01   6.6874584783e-03   1.9847918530e-03   
1.3900000000e+01   6.6186057738e-03   2.0300253923e-03   
1.4000000000e+01   6.5477471469e-03   2.0712838524e-03   
1.4100000000e+01   6.4750808565e-03   2.1073025228e-03   
1.4200000000e+01   6.4008065378e-03   2.1370748092e-03   
1.4300000000e+01   6.3251225906e-03   2.1598660214e-03   
1.4400000000e+01   6.2482237121e-03   2.1752276277e-03   
1.4500000000e+01   6.1702985899e-03   2.1830140419e-03   
1.4600000000e+01   6.0915277734e-03   2.1834031545e-03   
1.4700000000e+01   6.0120817351e-03   2.1769209986e-03   
1.4800000000e+01   5.9321191367e-03   2.1644699191e-03   
1.4900000000e+01   5.8517853076e-03   2.1473580807e-03   
1.5000000000e+01   5.7712109460e-03   2.1273257889e-03   
1.5100000000e+01   5.6905110459e-03   2.1065606429e-03   
1.5200000000e+01   5.6097840568e-03   2.0876891182e-03   
1.5300000000e+01   5.5291112749e-03   2.0737277796e-03   
1.5400000000e+01   5.4485564668e-03   2.0679754940e-03   
1.5500000000e+01   5.3681657226e-03   2.0738329215e-03   
1.5600000000e+01   5.2879675341e-03   2.0945513097e-03   
1.5700000000e+01   5.2079730905e-03   2.1329389108e-03   
1.5800000000e+01   5.1281767846e-03   2.1910807057e-03   
1.5900000000e+01   5.0485569183e-03   2.2701383647e-03   
1.6000000000e+01   4.9690765949e-03   2.3702795313e-03   
1.6100000000e+01   4.8896847871e-03   2.4907439158e-03   
1.6200000000e+01   4.8103175627e-03   2.6300112292e-03   
1.6300000000e+01   4.7308994552e-03   2.7860148030e-03   
1.6400000000e+01   4.6513449596e-03   2.9563497222e-03   
1.6500000000e+01   4.5715601371e-03   3.1384443612e-03   
1.6600000000e+01   4.4914443093e-03   3.3296851731e-03   
1.6700000000e+01   4.4108918225e-03   3.5274985240e-03   
1.6800000000e+01   4.3297938633e-03   3.7293993905e-03   
1.6900000000e+01   4.2480403046e-03   3.9330174070e-03   
1.7000000000e+01   4.1655215626e-03   4.1361089007e-03   
1.7100000000e+01   4.0821304456e-03   4.3365610927e-03   
1.7200000000e+01   3.9977639750e-03   4.5323924692e-03   
1.7300000000e+01   3.9123251588e-03   4.7217517018e-03   
1.7400000000e+01   3.8257247011e-03   4.9029164079e-03   
1.7500000000e+01   3.7378826294e-03   5.0742923547e-03   
1.7600000000e+01   3.6487298230e-03   5.2344133105e-03   
1.7700000000e+01   3.5582094281e-03   5.3819415226e-03   
1.7800000000e+01   3.4662781459e-03   5.5156686924e-03   
1.7900000000e+01   3.3729073796e-03   5.6345172717e-03   
1.8000000000e+01   3.2780842311e-03   5.7375418950e-03   
1.8100000000e+01   3.1818123361e-03   5.8239307699e-03   
1.8200000000e+01   3.0841125319e-03   5.8930068713e-03   
1.8300000000e+01   2.9850233481e-03   5.9442288015e-03   
1.8400000000e+01   2.8846013198e-03   5.9771912059e-03   
1.8500000000e+01   2.7829211169e-03   5.9916246550e-03   
1.8600000000e+01   2.6800754910e-03   5.9873949228e-03   
1.8700000000e+01   2.5761750386e-03   5.9645016141e-03   
1.8800000000e+01   2.4713477849e-03   5.9230761072e-03   
1.8900000000e+01   2.3657385898e-03   5.8633787995e-03   
1.9000000000e+01   2.2595083849e-03   5.7857956549e-03   
1.9100000000e+01   2.1528332460e-03   5.6908340685e-03   
1.9200000000e+01   2.0459033113e-03   5.5791180789e-03   
1.9300000000e+01   1.9389215551e-03   5.4513829705e-03   
1.9400000000e+01   1.8321024285e-03   5.3084693244e-03   
1.9500000000e+01   1.7256703797e-03   5.1513165903e-03   
1.9600000000e+01   1.6198582671e-03   4.9809562697e-03   
1.9700000000e+01   1.5149056810e-03   4.7985048199e-03   
1.9800000000e+01   1.4110571876e-03   4.6051564111e-03   
1.9900000000e+01   1.3085605129e-03   4.4021756992e-03   
2.0000000000e+01   1.2076646815e-03   4.1908908154e-03   
