0.0000000000e+00   0.0000000000e+00   0.0000000000e+00   
1.0000000000e-01   1.4961204729e-03   1.0099652475e-03   
2.0000000000e-01   2.9893807881e-03   2.0141393962e-03   
3.0000000000e-01   4.4769286541e-03   3.0067715971e-03   
4.0000000000e-01   5.9559274882e-03   3.9821911939e-03   
5.0000000000e-01   7.4235642173e-03   4.9348470513e-03   
6.0000000000e-01   8.8770570103e-03   5.8593459716e-03   
7.0000000000e-01   1.0313662924e-02   6.7504899043e-03   
8.0000000000e-01   1.1730685440e-02   7.6033116667e-03   
9.0000000000e-01   1.3125481866e-02   8.4131089043e-03   
1.0000000000e+00   1.4495470589e-02   9.1754760348e-03   
1.1000000000e+00   1.5838138155e-02   9.8863339344e-03   
1.2000000000e+00   1.7151046145e-02   1.0541957146e-02   
1.3000000000e+00   1.8431837849e-02   1.1138998404e-02   
1.4000000000e+00   1.9678244690e-02   1.1674510305e-02   
1.5000000000e+00   2.0888092402e-02   1.2145963950e-02   
1.6000000000e+00   2.2059306926e-02   1.2551264447e-02   
1.7000000000e+00   2.3189920020e-02   1.2888763151e-02   
1.8000000000e+00   2.4278074543e-02   1.3157266565e-02   
1.9000000000e+00   2.5322029422e-02   1.3356041858e-02   
2.0000000000e+00   2.6320164265e-02   1.3484818958e-02   
2.1000000000e+00   2.7270983605e-02   1.3543789237e-02   
2.2000000000e+00   2.8173120778e-02   1.3533600810e-02   
2.3000000000e+00   2.9025341392e-02   1.3455350515e-02   
2.4000000000e+00   2.9826546399e-02   1.3310572647e-02   
2.5000000000e+00   3.0575774745e-02   1.3101224579e-02   
2.6000000000e+00   3.1272205582e-02   1.2829669398e-02   
2.7000000000e+00   3.1915160048e-02   1.2498655748e-02   
2.8000000000e+00   3.2504102590e-02   1.2111295057e-02   
2.9000000000e+00   3.3038641834e-02   1.1671036411e-02   
3.0000000000e+00   3.3518530984e-02   1.1181639340e-02   
3.1000000000e+00   3.3943667761e-02   1.0647144829e-02   
3.2000000000e+00   3.4314093866e-02   1.0071844960e-02   
3.3000000000e+00   3.4629993971e-02   9.4602516572e-03   
3.4000000000e+00   3.4891694238e-02   8.8170651616e-03   
3.5000000000e+00   3.5099660372e-02   8.1471431391e-03   
3.6000000000e+00   3.5254495199e-02   7.4554717579e-03   
3.7000000000e+00   3.5356935798e-02   6.7471409694e-03   
3.8000000000e+00   3.5407850163e-02   6.0273279941e-03   
3.9000000000e+00   3.5408233441e-02   5.3012968501e-03   
4.0000000000e+00   3.5359203727e-02   4.5744306601e-03   
4.1000000000e+00   3.5261997442e-02   3.8523361475e-03   
4.2000000000e+00   3.5117964314e-02   3.1411243481e-03   
4.3000000000e+00   3.4928561973e-02   2.4481844783e-03   
4.4000000000e+00   3.4695350172e-02   1.7846168172e-03   
4.5000000000e+00   3.4419984678e-02   1.1748360811e-03   
4.6000000000e+00   3.4104210820e-02   7.0630568869e-04   
4.7000000000e+00   3.3749856760e-02   6.6524030166e-04   
4.8000000000e+00   3.3358826475e-02   1.0485603237e-03   
4.9000000000e+00   3.2933092503e-02   1.5323784131e-03   
5.0000000000e+00   3.2474688465e-02   2.0153032794e-03   
5.1000000000e+00   3.1985701411e-02   2.4718924651e-03   
5.2000000000e+00   3.1468263998e-02   2.8926692297e-03   
5.3000000000e+00   3.0924546556e-02   3.2728709428e-03   
5.4000000000e+00   3.0356749055e-02   3.6096654512e-03   
5.5000000000e+00   2.9767093019e-02   3.9012610333e-03   
5.6000000000e+00   2.9157813422e-02   4.1465637060e-03   
5.7000000000e+00   2.8531150586e-02   4.3450245717e-03   
5.8000000000e+00   2.7889342139e-02   4.4965621623e-03   
5.9000000000e+00   2.7234615042e-02   4.6015170456e-03   
6.0000000000e+00   2.6569177746e-02   4.6606210349e-03   
6.1000000000e+00   2.5895212489e-02   4.6749731395e-03   
6.2000000000e+00   2.5214867785e-02   4.6460186237e-03   
6.3000000000e+00   2.4530251129e-02   4.5755295761e-03   
6.4000000000e+00   2.3843421952e-02   4.4655864975e-03   
6.5000000000e+00   2.3156384856e-02   4.3185611746e-03   
6.6000000000e+00   2.2471083165e-02   4.1371018112e-03   
6.7000000000e+00   2.1789392811e-02   3.9241222887e-03   
6.8000000000e+00   2.1113116585e-02   3.6827988413e-03   
6.9000000000e+00   2.0443978781e-02   3.4165799230e-03   
7.0000000000e+00   1.9783620257e-02   3.1292197545e-03   
7.1000000000e+00   1.9133593922e-02   2.8248554385e-03   
7.2000000000e+00   1.8495360682e-02   2.5081672631e-03   
7.3000000000e+00   1.7870285854e-02   2.1847052403e-03   
7.4000000000e+00   1.7259636059e-02   1.8615642010e-03   
7.5000000000e+00   1.6664576613e-02   1.5488168164e-03   
7.6000000000e+00   1.6086169414e-02   1.2625632191e-03   
7.7000000000e+00   1.5525371346e-02   1.0306445050e-03   
7.8000000000e+00   1.4983033180e-02   8.9710270538e-04   
7.9000000000e+00   1.4459898998e-02   9.0225414857e-04   
8.0000000000e+00   1.3956606117e-02   1.0362991937e-03   
8.1000000000e+00   1.3473685519e-02   1.2493232860e-03   
8.2000000000e+00   1.3011562772e-02   1.4983205698e-03   
8.3000000000e+00   1.2570559440e-02   1.7583280024e-03   
8.4000000000e+00   1.2150894955e-02   2.0156746473e-03   
8.5000000000e+00   1.1752688949e-02   2.2624186075e-03   
8.6000000000e+00   1.1375964017e-02   2.4935646594e-03   
8.7000000000e+00   1.1020648897e-02   2.7057640331e-03   
8.8000000000e+00   1.0686582039e-02   2.8966893927e-03   
8.9000000000e+00   1.0373515538e-02   3.0647182067e-03   
9.0000000000e+00   1.0081119411e-02   3.2087628073e-03   
9.1000000000e+00   9.8089861784e-03   3.3281735178e-03   
9.2000000000e+00   9.5566357253e-03   3.4226797106e-03   
9.3000000000e+00   9.3235204134e-03   3.4923512132e-03   
9.4000000000e+00   9.1090304040e-03   3.5375708915e-03   
9.5000000000e+00   8.9124991625e-03   3.5590134734e-03   
9.6000000000e+00   8.7332091099e-03   3.5576278980e-03   
9.7000000000e+00   8.5703973836e-03   3.5346216994e-03   
9.8000000000e+00   8.4232616745e-03   3.4914466166e-03   
9.9000000000e+00   8.2909661047e-03   3.4297850058e-03   
1.0000000000e+01   8.1726471089e-03   3.3515368156e-03   
1.0100000000e+01   8.0674192871e-03   3.2588069216e-03   
1.0200000000e+01   7.9743811930e-03   3.1538924880e-03   
1.0300000000e+01   7.8926210248e-03   3.0392697043e-03   
1.0400000000e+01   7.8212221879e-03   2.9175786573e-03   
1.0500000000e+01   7.7592686963e-03   2.7916041573e-03   
1.0600000000e+01   7.7058503848e-03   2.6642489820e-03   
1.0700000000e+01   7.6600679051e-03   2.5384942511e-03   
1.0800000000e+01   7.6210374770e-03   2.4173398272e-03   
1.0900000000e+01   7.5878953749e-03   2.3037165723e-03   
1.1000000000e+01   7.5598021239e-03   2.2003635763e-03   
1.1100000000e+01   7.5359463892e-03   2.1096692916e-03   
1.1200000000e+01   7.5155485401e-03   2.0334874581e-03   
1.1300000000e+01   7.4978638747e-03   1.9729554376e-03   
1.1400000000e+01   7.4821854923e-03   1.9283573859e-03   
1.1500000000e+01   7.4678468063e-03   1.8990768170e-03   
1.1600000000e+01   7.4542236880e-03   1.8836649979e-03   
1.1700000000e+01   7.4407362393e-03   1.8800178522e-03   
1.1800000000e+01   7.4268501922e-03   1.8856214904e-03   
1.1900000000e+01   7.4120779357e-03   1.8978120867e-03   
1.2000000000e+01   7.3959791753e-03   1.9140037217e-03   
1.2100000000e+01   7.3781612292e-03   1.9318587051e-03   
1.2200000000e+01   7.3582789726e-03   1.9493958909e-03   
1.2300000000e+01   7.3360344390e-03   1.9650459346e-03   
1.2400000000e+01   7.3111760926e-03   1.9776674377e-03   
1.2500000000e+01   7.2834977881e-03   1.9865372377e-03   
1.2600000000e+01   7.2528374335e-03   1.9913249072e-03   
1.2700000000e+01   7.2190753772e-03   1.9920579457e-03   
1.2800000000e+01   7.1821325385e-03   1.9890811573e-03   
1.2900000000e+01   7.1419683046e-03   1.9830115882e-03   
1.3000000000e+01   7.0985782182e-03   1.9746891136e-03   
1.3100000000e+01   7.0519914795e-03   1.9651222158e-03   
1.3200000000e+01   7.0022682882e-03   1.9554286302e-03   
1.3300000000e+01   6.9494970524e-03   1.9467713135e-03   
1.3400000000e+01   6.8937914906e-03   1.9402915359e-03   
1.3500000000e+01   6.8352876533e-03   1.9370426214e-03   
1.3600000000e+01   6.7741408918e-03   1.9379295380e-03   
1.3700000000e+01   6.7105228009e-03   1.9436606133e-03   
1.3800000000e+01   6.6446181610e-03   1.9547175248e-03   
1.3900000000e+01   6.5766219063e-03   1.9713480949e-03   
1.4000000000e+01   6.5067361433e-03   1.9935834913e-03   
1.4100000000e+01   6.4351672444e-03   2.0212779256e-03   
1.4200000000e+01   6.3621230385e-03   2.0541657974e-03   
1.4300000000e+01   6.2878101207e-03   2.0919292404e-03   
1.4400000000e+01   6.2124313008e-03   2.1342684718e-03   
1.4500000000e+01   6.1361832098e-03   2.1809679977e-03   
1.4600000000e+01   6.0592540795e-03   2.2319530544e-03   
1.4700000000e+01   5.9818217122e-03   2.2873321360e-03   
1.4800000000e+01   5.9040516513e-03   2.3474227474e-03   
1.4900000000e+01   5.8260955653e-03   2.4127585615e-03   
1.5000000000e+01   5.7480898538e-03   2.4840770957e-03   
1.5100000000e+01   5.6701544807e-03   2.5622880816e-03   
1.5200000000e+01   5.5923920419e-03   2.6484240600e-03   
1.5300000000e+01   5.5148870679e-03   2.7435764061e-03   
1.5400000000e+01   5.4377055618e-03   2.8488217656e-03   
1.5500000000e+01   5.3608947726e-03   2.9651453511e-03   
1.5600000000e+01   5.2844831982e-03   3.0933682307e-03   
1.5700000000e+01   5.2084808128e-03   3.2340853011e-03   
1.5800000000e+01   5.1328795123e-03   3.3876190454e-03   
1.5900000000e+01   5.0576537664e-03   3.5539917869e-03   
1.6000000000e+01   4.9827614670e-03   3.7329165451e-03   
1.6100000000e+01   4.9081449613e-03   3.9238043874e-03   
1.6200000000e+01   4.8337322530e-03   4.1257847581e-03   
1.6300000000e+01   4.7594383582e-03   4.3377347445e-03   
1.6400000000e+01   4.6851667989e-03   4.5583134704e-03   
1.6500000000e+01   4.6108112153e-03   4.7859985009e-03   
1.6600000000e+01   4.5362570803e-03   5.0191220103e-03   
1.6700000000e+01   4.4613834955e-03   5.2559052949e-03   
1.6800000000e+01   4.3860650504e-03   5.4944908842e-03   
1.6900000000e+01   4.3101737239e-03   5.7329719820e-03   
1.7000000000e+01   4.2335808091e-03   5.9694192666e-03   
1.7100000000e+01   4.1561588405e-03   6.2019052361e-03   
1.7200000000e+01   4.0777835051e-03   6.4285263439e-03   
1.7300000000e+01   3.9983355174e-03   6.6474231672e-03   
1.7400000000e+01   3.9177024394e-03   6.8567988191e-03   
1.7500000000e+01   3.8357804289e-03   7.0549357678e-03   
1.7600000000e+01   3.7524758980e-03   7.2402111781e-03   
1.7700000000e+01   3.6677070657e-03   7.4111108487e-03   
1.7800000000e+01   3.5814053906e-03   7.5662417823e-03   
1.7900000000e+01   3.4935168703e-03   7.7043434000e-03   
1.8000000000e+01   3.4040031934e-03   7.8242973920e-03   
1.8100000000e+01   3.3128427364e-03   7.9251361864e-03   
1.8200000000e+01   3.2200313939e-03   8.0060500097e-03   
1.8300000000e+01   3.1255832355e-03   8.0663925161e-03   
1.8400000000e+01   3.0295309842e-03   8.1056849607e-03   
1.8500000000e+01   2.9319263115e-03   8.1236189022e-03   
1.8600000000e+01   2.8328399464e-03   8.1200574256e-03   
1.8700000000e+01   2.7323615993e-03   8.0950348863e-03   
1.8800000000e+01   2.6305996999e-03   8.0487551869e-03   
1.8900000000e+01   2.5276809538e-03   7.9815886094e-03   
1.9000000000e+01   2.4237497204e-03   7.8940672351e-03   
1.9100000000e+01   2.3189672200e-03   7.7868789978e-03   
1.9200000000e+01   2.2135105762e-03   7.6608604220e-03   
1.9300000000e+01   2.1075717039e-03   7.5169881107e-03   
1.9400000000e+01   2.0013560517e-03   7.3563690533e-03   
1.9500000000e+01   1.8950812124e-03   7.1802298308e-03   
1.9600000000e+01   1.7889754130e-03   6.9899048001e-03   
1.9700000000e+01   1.6832758977e-03   6.7868233431e-03   
1.9800000000e+01   1.5782272203e-03   6.5724962648e-03   
1.9900000000e+01   1.4740794600e-03   6.3485014237e-03   
2.0000000000e+01   1.3710863763e-03   6.1164686738e-03   
