0.0000000000e+00   0.0000000000e+00   0.0000000000e+00   
1.0000000000e-01   1.4815421086e-03   1.5965113977e-04   
2.0000000000e-01   2.9604752466e-03   3.1762316639e-04   
3.0000000000e-01   4.4341955847e-03   4.7225377859e-04   
4.0000000000e-01   5.9001095798e-03   6.2191417050e-04   
5.0000000000e-01   7.3556391285e-03   7.6502546183e-04   
6.0000000000e-01   8.7982267332e-03   9.0007475661e-04   
7.0000000000e-01   1.0225340682e-02   1.0256307232e-03   
8.0000000000e-01   1.1634480247e-02   1.1403586044e-03   
9.0000000000e-01   1.3023180897e-02   1.2430345884e-03   
1.0000000000e+00   1.4389019537e-02   1.3325595032e-03   
1.1000000000e+00   1.5729619751e-02   1.4079718381e-03   
1.2000000000e+00   1.7042657070e-02   1.4684601619e-03   
1.3000000000e+00   1.8325864245e-02   1.5133750900e-03   
1.4000000000e+00   1.9577036519e-02   1.5422410923e-03   
1.5000000000e+00   2.0794036898e-02   1.5547686314e-03   
1.6000000000e+00   2.1974801404e-02   1.5508674411e-03   
1.7000000000e+00   2.3117344300e-02   1.5306622711e-03   
1.8000000000e+00   2.4219763274e-02   1.4945132737e-03   
1.9000000000e+00   2.5280244563e-02   1.4430446656e-03   
2.0000000000e+00   2.6297068007e-02   1.3771878309e-03   
2.1000000000e+00   2.7268611999e-02   1.2982495363e-03   
2.2000000000e+00   2.8193358330e-02   1.2080239983e-03   
2.3000000000e+00   2.9069896883e-02   1.1089817683e-03   
2.4000000000e+00   2.9896930175e-02   1.0045915394e-03   
2.5000000000e+00   3.0673277703e-02   8.9985857024e-04   
2.6000000000e+00   3.1397880077e-02   8.0214822712e-04   
2.7000000000e+00   3.2069802912e-02   7.2209950239e-04   
2.8000000000e+00   3.2688240450e-02   6.7344645855e-04   
2.9000000000e+00   3.3252518876e-02   6.6921196683e-04   
3.0000000000e+00   3.3762099322e-02   7.1440146705e-04   
3.1000000000e+00   3.4216580501e-02   8.0293967347e-04   
3.2000000000e+00   3.4615700964e-02   9.2297423648e-04   
3.3000000000e+00   3.4959340951e-02   1.0630962142e-03   
3.4000000000e+00   3.5247523803e-02   1.2145609287e-03   
3.5000000000e+00   3.5480416908e-02   1.3710461296e-03   
3.6000000000e+00   3.5658332177e-02   1.5279020417e-03   
3.7000000000e+00   3.5781726004e-02   1.6815554642e-03   
3.8000000000e+00   3.5851198710e-02   1.8291322822e-03   
3.9000000000e+00   3.5867493444e-02   1.9682347077e-03   
4.0000000000e+00   3.5831494532e-02   2.0968128927e-03   
4.1000000000e+00   3.5744225268e-02   2.2130917611e-03   
4.2000000000e+00   3.5606845122e-02   2.3155299473e-03   
4.3000000000e+00   3.5420646387e-02   2.4027974836e-03   
4.4000000000e+00   3.5187050238e-02   2.4737644613e-03   
4.5000000000e+00   3.4907602226e-02   2.5274960632e-03   
4.6000000000e+00   3.4583967202e-02   2.5632511870e-03   
4.7000000000e+00   3.4217923686e-02   2.5804829511e-03   
4.8000000000e+00   3.3811357696e-02   2.5788400296e-03   
4.9000000000e+00   3.3366256055e-02   2.5581681842e-03   
5.0000000000e+00   3.2884699190e-02   2.5185116591e-03   
5.1000000000e+00   3.2368853469e-02   2.4601143456e-03   
5.2000000000e+00   3.1820963083e-02   2.3834208637e-03   
5.3000000000e+00   3.1243341520e-02   2.2890780078e-03   
5.4000000000e+00   3.0638362668e-02   2.1779374413e-03   
5.5000000000e+00   3.0008451573e-02   2.0510612573e-03   
5.6000000000e+00   2.9356074925e-02   1.9097333375e-03   
5.7000000000e+00   2.8683731276e-02   1.7554819632e-03   
5.8000000000e+00   2.7993941082e-02   1.5901242403e-03   
5.9000000000e+00   2.7289236585e-02   1.4158538580e-03   
6.0000000000e+00   2.6572151612e-02   1.2354185812e-03   
6.1000000000e+00   2.5845211330e-02   1.0524935790e-03   
6.2000000000e+00   2.5110922018e-02   8.7250489148e-04   
6.3000000000e+00   2.4371760920e-02   7.0450574761e-04   
6.4000000000e+00   2.3630166215e-02   5.6517230404e-04   
6.5000000000e+00   2.2888527190e-02   4.8349680632e-04   
6.6000000000e+00   2.2149174638e-02   4.8911207882e-04   
6.7000000000e+00   2.1414371575e-02   5.7644318283e-04   
6.8000000000e+00   2.0686304291e-02   7.1146322467e-04   
6.9000000000e+00   1.9967073823e-02   8.6669860289e-04   
7.0000000000e+00   1.9258687872e-02   1.0270762979e-03   
7.1000000000e+00   1.8563053232e-02   1.1844120147e-03   
7.2000000000e+00   1.7881968767e-02   1.3337585383e-03   
7.3000000000e+00   1.7217118978e-02   1.4717576156e-03   
7.4000000000e+00   1.6570068205e-02   1.5959194218e-03   
7.5000000000e+00   1.5942255488e-02   1.7042952889e-03   
7.6000000000e+00   1.5334990135e-02   1.7953227081e-03   
7.7000000000e+00   1.4749447996e-02   1.8677503378e-03   
7.8000000000e+00   1.4186668497e-02   1.9206025429e-03   
7.9000000000e+00   1.3647552428e-02   1.9531648168e-03   
8.0000000000e+00   1.3132860497e-02   1.9649812953e-03   
8.1000000000e+00   1.2643212680e-02   1.9558604836e-03   
8.2000000000e+00   1.2179088334e-02   1.9258882179e-03   
8.3000000000e+00   1.1740827099e-02   1.8754491807e-03   
8.4000000000e+00   1.1328630564e-02   1.8052609193e-03   
8.5000000000e+00   1.0942564686e-02   1.7164282906e-03   
8.6000000000e+00   1.0582562951e-02   1.6105331736e-03   
8.7000000000e+00   1.0248430238e-02   1.4897871193e-03   
8.8000000000e+00   9.9398473693e-03   1.3572988240e-03   
8.9000000000e+00   9.6563763091e-03   1.2175523865e-03   
9.0000000000e+00   9.3974659729e-03   1.0772592426e-03   
9.1000000000e+00   9.1624586050e-03   9.4677288681e-04   
9.2000000000e+00   8.9505966791e-03   8.4184928507e-04   
9.3000000000e+00   8.7610302726e-03   7.8354498893e-04   
9.4000000000e+00   8.5928248618e-03   7.9099284177e-04   
9.5000000000e+00   8.4449694828e-03   8.6831751988e-04   
9.6000000000e+00   8.3163852011e-03   1.0024506284e-03   
9.7000000000e+00   8.2059338299e-03   1.1747698653e-03   
9.8000000000e+00   8.1124268373e-03   1.3698387161e-03   
9.9000000000e+00   8.0346343792e-03   1.5767826157e-03   
1.0000000000e+01   7.9712943968e-03   1.7880218020e-03   
1.0100000000e+01   7.9211217157e-03   1.9980049749e-03   
1.0200000000e+01   7.8828170848e-03   2.2024032819e-03   
1.0300000000e+01   7.8550760940e-03   2.3976521322e-03   
1.0400000000e+01   7.8365979113e-03   2.5806984602e-03   
1.0500000000e+01   7.8260937803e-03   2.7488625357e-03   
1.0600000000e+01   7.8222952237e-03   2.8997634285e-03   
1.0700000000e+01   7.8239618992e-03   3.0312803474e-03   
1.0800000000e+01   7.8298890569e-03   3.1415345363e-03   
1.0900000000e+01   7.8389145537e-03   3.2288830859e-03   
1.1000000000e+01   7.8499253791e-03   3.2919196524e-03   
1.1100000000e+01   7.8618636561e-03   3.3294791214e-03   
1.1200000000e+01   7.8737320808e-03   3.3406444431e-03   
1.1300000000e+01   7.8845987718e-03   3.3247546137e-03   
1.1400000000e+01   7.8936015038e-03   3.2814133020e-03   
1.1500000000e+01   7.8999513057e-03   3.2104980564e-03   
1.1600000000e+01   7.9029354070e-03   3.1121705118e-03   
1.1700000000e+01   7.9019195237e-03   2.9868886807e-03   
1.1800000000e+01   7.8963494778e-03   2.8354235066e-03   
1.1900000000e+01   7.8857521523e-03   2.6588838637e-03   
1.2000000000e+01   7.8697357845e-03   2.4587581587e-03   
1.2100000000e+01   7.8479896118e-03   2.2369890908e-03   
1.2200000000e+01   7.8202828825e-03   1.9961171947e-03   
1.2300000000e+01   7.7864632531e-03   1.7395754419e-03   
1.2400000000e+01   7.7464545973e-03   1.4723410703e-03   
1.2500000000e+01   7.7002542555e-03   1.2025069336e-03   
1.2600000000e+01   7.6479297575e-03   9.4539011019e-04   
1.2700000000e+01   7.5896150573e-03   7.3417292748e-04   
1.2800000000e+01   7.5255063178e-03   6.3532016868e-04   
1.2900000000e+01   7.4558572914e-03   7.0874747542e-04   
1.3000000000e+01   7.3809743413e-03   9.1748829980e-04   
1.3100000000e+01   7.3012111522e-03   1.1917014300e-03   
1.3200000000e+01   7.2169631816e-03   1.4922146707e-03   
1.3300000000e+01   7.1286619018e-03   1.8005219884e-03   
1.3400000000e+01   7.0367688876e-03   2.1065627530e-03   
1.3500000000e+01   6.9417698008e-03   2.4037398260e-03   
1.3600000000e+01   6.8441683269e-03   2.6870349162e-03   
1.3700000000e+01   6.7444801152e-03   2.9522498958e-03   
1.3800000000e+01   6.6432267765e-03   3.1956807996e-03   
1.3900000000e+01   6.5409299877e-03   3.4139735088e-03   
1.4000000000e+01   6.4381057541e-03   3.6040627186e-03   
1.4100000000e+01   6.3352588761e-03   3.7631524813e-03   
1.4200000000e+01   6.2328776657e-03   3.8887196246e-03   
1.4300000000e+01   6.1314289542e-03   3.9785316088e-03   
1.4400000000e+01   6.0313534316e-03   4.0306756267e-03   
1.4500000000e+01   5.9330613525e-03   4.0435990792e-03   
1.4600000000e+01   5.8369286405e-03   4.0161645492e-03   
1.4700000000e+01   5.7432934203e-03   3.9477261693e-03   
1.4800000000e+01   5.6524530000e-03   3.8382402015e-03   
1.4900000000e+01   5.5646613253e-03   3.6884329994e-03   
1.5000000000e+01   5.4801269194e-03   3.5000686037e-03   
1.5100000000e+01   5.3990113205e-03   3.2763944654e-03   
1.5200000000e+01   5.3214280228e-03   3.0229129841e-03   
1.5300000000e+01   5.2474419237e-03   2.7487531800e-03   
1.5400000000e+01   5.1770692735e-03   2.4691076021e-03   
1.5500000000e+01   5.1102781213e-03   2.2092586225e-03   
1.5600000000e+01   5.0469892455e-03   2.0094895590e-03   
1.5700000000e+01   4.9870775537e-03   1.9245759772e-03   
1.5800000000e+01   4.9303739312e-03   2.0044581480e-03   
1.5900000000e+01   4.8766675167e-03   2.2624950856e-03   
1.6000000000e+01   4.8257083764e-03   2.6726226036e-03   
1.6100000000e+01   4.7772105473e-03   3.1966754248e-03   
1.6200000000e+01   4.7308554166e-03   3.8032247887e-03   
1.6300000000e+01   4.6862954006e-03   4.4703781485e-03   
1.6400000000e+01   4.6431578856e-03   5.1831004242e-03   
1.6500000000e+01   4.6010493905e-03   5.9305301273e-03   
1.6600000000e+01   4.5595599094e-03   6.7042412963e-03   
1.6700000000e+01   4.5182673911e-03   7.4972322883e-03   
1.6800000000e+01   4.4767423120e-03   8.3033517299e-03   
1.6900000000e+01   4.4345522982e-03   9.1169727672e-03   
1.7000000000e+01   4.3912667531e-03   9.9328080878e-03   
1.7100000000e+01   4.3464614457e-03   1.0745806182e-02   
1.7200000000e+01   4.2997230176e-03   1.1551095632e-02   
1.7300000000e+01   4.2506533671e-03   1.2343958480e-02   
1.7400000000e+01   4.1988738683e-03   1.3119821576e-02   
1.7500000000e+01   4.1440293893e-03   1.3874259175e-02   
1.7600000000e+01   4.0857920712e-03   1.4603002611e-02   
1.7700000000e+01   4.0238648348e-03   1.5301954332e-02   
1.7800000000e+01   3.9579845842e-03   1.5967204518e-02   
1.7900000000e+01   3.8879250793e-03   1.6595049028e-02   
1.8000000000e+01   3.8134994519e-03   1.7182007815e-02   
1.8100000000e+01   3.7345623449e-03   1.7724843153e-02   
1.8200000000e+01   3.6510116563e-03   1.8220577196e-02   
1.8300000000e+01   3.5627898744e-03   1.8666508499e-02   
1.8400000000e+01   3.4698849943e-03   1.9060227206e-02   
1.8500000000e+01   3.3723310088e-03   1.9399628664e-02   
1.8600000000e+01   3.2702079724e-03   1.9682925289e-02   
1.8700000000e+01   3.1636416386e-03   1.9908656531e-02   
1.8800000000e+01   3.0528026779e-03   2.0075696825e-02   
1.8900000000e+01   2.9379054842e-03   2.0183261440e-02   
1.9000000000e+01   2.8192065828e-03   2.0230910178e-02   
1.9100000000e+01   2.6970026573e-03   2.0218548873e-02   
1.9200000000e+01   2.5716282142e-03   2.0146428702e-02   
1.9300000000e+01   2.4434529086e-03   2.0015143297e-02   
1.9400000000e+01   2.3128785570e-03   1.9825623712e-02   
1.9500000000e+01   2.1803358653e-03   1.9579131293e-02   
1.9600000000e+01   2.0462809027e-03   1.9277248527e-02   
1.9700000000e+01   1.9111913558e-03   1.8921867985e-02   
1.9800000000e+01   1.7755625957e-03   1.8515179463e-02   
1.9900000000e+01   1.6399035959e-03   1.8059655491e-02   
2.0000000000e+01   1.5047327368e-03   1.7558035369e-02   
