0.0000000000e+00   0.0000000000e+00   0.0000000000e+00   
1.0000000000e-01   1.5065450345e-03   9.0427869452e-05   
2.0000000000e-01   3.0101985899e-03   1.7995572498e-04   
3.0000000000e-01   4.5080771458e-03   2.6769208978e-04   
4.0000000000e-01   5.9973130775e-03   3.5276249702e-04   
5.0000000000e-01   7.4750625481e-03   4.3431783552e-04   
6.0000000000e-01   8.9385133345e-03   5.1154250925e-04   
7.0000000000e-01   1.0384892564e-02   5.8366235669e-04   
8.0000000000e-01   1.1811474343e-02   6.4995228414e-04   
9.0000000000e-01   1.3215587247e-02   7.0974357802e-04   
1.0000000000e+00   1.4594621669e-02   7.6243087614e-04   
1.1000000000e+00   1.5946036976e-02   8.0747879883e-04   
1.2000000000e+00   1.7267368484e-02   8.4442826977e-04   
1.3000000000e+00   1.8556234208e-02   8.7290259822e-04   
1.4000000000e+00   1.9810341374e-02   8.9261345477e-04   
1.5000000000e+00   2.1027492677e-02   9.0336696460e-04   
1.6000000000e+00   2.2205592257e-02   9.0507028221e-04   
1.7000000000e+00   2.3342651382e-02   8.9773923479e-04   
1.8000000000e+00   2.4436793811e-02   8.8150798208e-04   
1.9000000000e+00   2.5486260827e-02   8.5664224208e-04   
2.0000000000e+00   2.6489415918e-02   8.2355865628e-04   
2.1000000000e+00   2.7444749087e-02   7.8285464708e-04   
2.2000000000e+00   2.8350880787e-02   7.3535624658e-04   
2.3000000000e+00   2.9206565446e-02   6.8219684473e-04   
2.4000000000e+00   3.0010694590e-02   6.2494895173e-04   
2.5000000000e+00   3.0762299536e-02   5.6584410668e-04   
2.6000000000e+00   3.1460553649e-02   5.0812413796e-04   
2.7000000000e+00   3.2104774151e-02   4.5652201779e-04   
2.8000000000e+00   3.2694423477e-02   4.1761723174e-04   
2.9000000000e+00   3.3229110165e-02   3.9916316204e-04   
3.0000000000e+00   3.3708589271e-02   4.0724484148e-04   
3.1000000000e+00   3.4132762319e-02   4.4271570118e-04   
3.2000000000e+00   3.4501676764e-02   5.0112288687e-04   
3.3000000000e+00   3.4815524979e-02   5.7603942745e-04   
3.4000000000e+00   3.5074642761e-02   6.6173499941e-04   
3.5000000000e+00   3.5279507360e-02   7.5388887361e-04   
3.6000000000e+00   3.5430735039e-02   8.4936464209e-04   
3.7000000000e+00   3.5529078154e-02   9.4583931691e-04   
3.8000000000e+00   3.5575421789e-02   1.0415215878e-03   
3.9000000000e+00   3.5570779928e-02   1.1349725006e-03   
4.0000000000e+00   3.5516291199e-02   1.2249977475e-03   
4.1000000000e+00   3.5413214178e-02   1.3105841960e-03   
4.2000000000e+00   3.5262922300e-02   1.3908627896e-03   
4.3000000000e+00   3.5066898363e-02   1.4650870855e-03   
4.4000000000e+00   3.4826728667e-02   1.5326211081e-03   
4.5000000000e+00   3.4544096795e-02   1.5929327732e-03   
4.6000000000e+00   3.4220777071e-02   1.6455906385e-03   
4.7000000000e+00   3.3858627706e-02   1.6902626050e-03   
4.8000000000e+00   3.3459583670e-02   1.7267157197e-03   
4.9000000000e+00   3.3025649310e-02   1.7548165463e-03   
5.0000000000e+00   3.2558890751e-02   1.7745317719e-03   
5.1000000000e+00   3.2061428096e-02   1.7859288464e-03   
5.2000000000e+00   3.1535427480e-02   1.7891765342e-03   
5.3000000000e+00   3.0983092988e-02   1.7845453161e-03   
5.4000000000e+00   3.0406658478e-02   1.7724076077e-03   
5.5000000000e+00   2.9808379357e-02   1.7532377730e-03   
5.6000000000e+00   2.9190524319e-02   1.7276118994e-03   
5.7000000000e+00   2.8555367105e-02   1.6962072530e-03   
5.8000000000e+00   2.7905178310e-02   1.6598012451e-03   
5.9000000000e+00   2.7242217264e-02   1.6192695892e-03   
6.0000000000e+00   2.6568724044e-02   1.5755830954e-03   
6.1000000000e+00   2.5886911629e-02   1.5298022185e-03   
6.2000000000e+00   2.5198958254e-02   1.4830680397e-03   
6.3000000000e+00   2.4506999974e-02   1.4365878718e-03   
6.4000000000e+00   2.3813123495e-02   1.3916132332e-03   
6.5000000000e+00   2.3119359281e-02   1.3494077968e-03   
6.6000000000e+00   2.2427674992e-02   1.3112034621e-03   
6.7000000000e+00   2.1739969254e-02   1.2781443657e-03   
6.8000000000e+00   2.1058065811e-02   1.2512217228e-03   
6.9000000000e+00   2.0383708077e-02   1.2312065224e-03   
7.0000000000e+00   1.9718554102e-02   1.2185910088e-03   
7.1000000000e+00   1.9064171996e-02   1.2135514818e-03   
7.2000000000e+00   1.8422035800e-02   1.2159424477e-03   
7.3000000000e+00   1.7793521846e-02   1.2253255220e-03   
7.4000000000e+00   1.7179905611e-02   1.2410280945e-03   
7.5000000000e+00   1.6582359065e-02   1.2622201786e-03   
7.6000000000e+00   1.6001948547e-02   1.2879955693e-03   
7.7000000000e+00   1.5439633148e-02   1.3174455066e-03   
7.8000000000e+00   1.4896263619e-02   1.3497175599e-03   
7.9000000000e+00   1.4372581805e-02   1.3840571475e-03   
8.0000000000e+00   1.3869220597e-02   1.4198325204e-03   
8.1000000000e+00   1.3386704389e-02   1.4565458184e-03   
8.2000000000e+00   1.2925450057e-02   1.4938332787e-03   
8.3000000000e+00   1.2485768416e-02   1.5314574076e-03   
8.4000000000e+00   1.2067866166e-02   1.5692933706e-03   
8.5000000000e+00   1.1671848302e-02   1.6073113109e-03   
8.6000000000e+00   1.1297720965e-02   1.6455558962e-03   
8.7000000000e+00   1.0945394716e-02   1.6841241509e-03   
8.8000000000e+00   1.0614688216e-02   1.7231425278e-03   
8.9000000000e+00   1.0305332269e-02   1.7627441544e-03   
9.0000000000e+00   1.0016974221e-02   1.8030472049e-03   
9.1000000000e+00   9.7491826707e-03   1.8441353380e-03   
9.2000000000e+00   9.5014524607e-03   1.8860410708e-03   
9.3000000000e+00   9.2732099295e-03   1.9287328155e-03   
9.4000000000e+00   9.0638183758e-03   1.9721060793e-03   
9.5000000000e+00   8.8725837084e-03   2.0159790574e-03   
9.6000000000e+00   8.6987602446e-03   2.0600925595e-03   
9.7000000000e+00   8.5415566196e-03   2.1041139456e-03   
9.8000000000e+00   8.4001417732e-03   2.1476445341e-03   
9.9000000000e+00   8.2736509752e-03   2.1902298155e-03   
1.0000000000e+01   8.1611918545e-03   2.2313717454e-03   
1.0100000000e+01   8.0618503966e-03   2.2705424082e-03   
1.0200000000e+01   7.9746968733e-03   2.3071984115e-03   
1.0300000000e+01   7.8987916720e-03   2.3407954697e-03   
1.0400000000e+01   7.8331909908e-03   2.3708027500e-03   
1.0500000000e+01   7.7769523678e-03   2.3967166665e-03   
1.0600000000e+01   7.7291400147e-03   2.4180739052e-03   
1.0700000000e+01   7.6888299270e-03   2.4344635443e-03   
1.0800000000e+01   7.6551147429e-03   2.4455381980e-03   
1.0900000000e+01   7.6271083279e-03   2.4510241551e-03   
1.1000000000e+01   7.6039500622e-03   2.4507305072e-03   
1.1100000000e+01   7.5848088116e-03   2.4445572774e-03   
1.1200000000e+01   7.5688865634e-03   2.4325025516e-03   
1.1300000000e+01   7.5554217140e-03   2.4146685992e-03   
1.1400000000e+01   7.5436919950e-03   2.3912669330e-03   
1.1500000000e+01   7.5330170281e-03   2.3626222005e-03   
1.1600000000e+01   7.5227605031e-03   2.3291747199e-03   
1.1700000000e+01   7.5123319732e-03   2.2914813553e-03   
1.1800000000e+01   7.5011882677e-03   2.2502142786e-03   
1.1900000000e+01   7.4888345233e-03   2.2061569716e-03   
1.2000000000e+01   7.4748248361e-03   2.1601966078e-03   
1.2100000000e+01   7.4587625442e-03   2.1133117221e-03   
1.2200000000e+01   7.4403001466e-03   2.0665539165e-03   
1.2300000000e+01   7.4191388720e-03   2.0210223169e-03   
1.2400000000e+01   7.3950279105e-03   1.9778297657e-03   
1.2500000000e+01   7.3677633248e-03   1.9380604289e-03   
1.2600000000e+01   7.3371866574e-03   1.9027197544e-03   
1.2700000000e+01   7.3031832556e-03   1.8726795025e-03   
1.2800000000e+01   7.2656803338e-03   1.8486226115e-03   
1.2900000000e+01   7.2246447979e-03   1.8309943961e-03   
1.3000000000e+01   7.1800808544e-03   1.8199672396e-03   
1.3100000000e+01   7.1320274308e-03   1.8154249524e-03   
1.3200000000e+01   7.0805554329e-03   1.8169702255e-03   
1.3300000000e+01   7.0257648659e-03   1.8239547914e-03   
1.3400000000e+01   6.9677818471e-03   1.8355281647e-03   
1.3500000000e+01   6.9067555372e-03   1.8506983396e-03   
1.3600000000e+01   6.8428550180e-03   1.8683971473e-03   
1.3700000000e+01   6.7762661441e-03   1.8875439588e-03   
1.3800000000e+01   6.7071883954e-03   1.9071033960e-03   
1.3900000000e+01   6.6358317566e-03   1.9261348798e-03   
1.4000000000e+01   6.5624136491e-03   1.9438336430e-03   
1.4100000000e+01   6.4871559408e-03   1.9595639927e-03   
1.4200000000e+01   6.4102820555e-03   1.9728861270e-03   
1.4300000000e+01   6.3320142056e-03   1.9835778111e-03   
1.4400000000e+01   6.2525707668e-03   1.9916518444e-03   
1.4500000000e+01   6.1721638151e-03   1.9973696177e-03   
1.4600000000e+01   6.0909968424e-03   2.0012502352e-03   
1.4700000000e+01   6.0092626660e-03   2.0040737073e-03   
1.4800000000e+01   5.9271415445e-03   2.0068756845e-03   
1.4900000000e+01   5.8447995125e-03   2.0109302612e-03   
1.5000000000e+01   5.7623869421e-03   2.0177168287e-03   
1.5100000000e+01   5.6800373374e-03   2.0288672777e-03   
1.5200000000e+01   5.5978663689e-03   2.0460915649e-03   
1.5300000000e+01   5.5159711472e-03   2.0710831153e-03   
1.5400000000e+01   5.4344297391e-03   2.1054104665e-03   
1.5500000000e+01   5.3533009218e-03   2.1504067567e-03   
1.5600000000e+01   5.2726241733e-03   2.2070720828e-03   
1.5700000000e+01   5.1924198917e-03   2.2760034195e-03   
1.5800000000e+01   5.1126898354e-03   2.3573620247e-03   
1.5900000000e+01   5.0334177760e-03   2.4508804560e-03   
1.6000000000e+01   4.9545703501e-03   2.5559033889e-03   
1.6100000000e+01   4.8760980987e-03   2.6714511333e-03   
1.6200000000e+01   4.7979366792e-03   2.7962933332e-03   
1.6300000000e+01   4.7200082335e-03   2.9290222044e-03   
1.6400000000e+01   4.6422228961e-03   3.0681182245e-03   
1.6500000000e+01   4.5644804230e-03   3.2120048574e-03   
1.6600000000e+01   4.4866719243e-03   3.3590917171e-03   
1.6700000000e+01   4.4086816788e-03   3.5078072892e-03   
1.6800000000e+01   4.3303890130e-03   3.6566230865e-03   
1.6900000000e+01   4.2516702220e-03   3.8040712316e-03   
1.7000000000e+01   4.1724005140e-03   3.9487572358e-03   
1.7100000000e+01   4.0924559567e-03   4.0893693854e-03   
1.7200000000e+01   4.0117154063e-03   4.2246857811e-03   
1.7300000000e+01   3.9300624000e-03   4.3535797585e-03   
1.7400000000e+01   3.8473869914e-03   4.4750241698e-03   
1.7500000000e+01   3.7635875134e-03   4.5880948222e-03   
1.7600000000e+01   3.6785722482e-03   4.6919732383e-03   
1.7700000000e+01   3.5922609913e-03   4.7859488176e-03   
1.7800000000e+01   3.5045864921e-03   4.8694204226e-03   
1.7900000000e+01   3.4154957591e-03   4.9418973761e-03   
1.8000000000e+01   3.3249512166e-03   5.0029998412e-03   
1.8100000000e+01   3.2329317027e-03   5.0524585423e-03   
1.8200000000e+01   3.1394332994e-03   5.0901137861e-03   
1.8300000000e+01   3.0444699874e-03   5.1159137390e-03   
1.8400000000e+01   2.9480741194e-03   5.1299119254e-03   
1.8500000000e+01   2.8502967092e-03   5.1322639136e-03   
1.8600000000e+01   2.7512075333e-03   5.1232231623e-03   
1.8700000000e+01   2.6508950446e-03   5.1031360073e-03   
1.8800000000e+01   2.5494661007e-03   5.0724357754e-03   
1.8900000000e+01   2.4470455083e-03   5.0316360177e-03   
1.9000000000e+01   2.3437753896e-03   4.9813228649e-03   
1.9100000000e+01   2.2398143767e-03   4.9221465133e-03   
1.9200000000e+01   2.1353366419e-03   4.8548118635e-03   
1.9300000000e+01   2.0305307729e-03   4.7800683478e-03   
1.9400000000e+01   1.9255985046e-03   4.6986989979e-03   
1.9500000000e+01   1.8207533187e-03   4.6115088274e-03   
1.9600000000e+01   1.7162189242e-03   4.5193126336e-03   
1.9700000000e+01   1.6122276335e-03   4.4229223529e-03   
1.9800000000e+01   1.5090186485e-03   4.3231341491e-03   
1.9900000000e+01   1.4068362732e-03   4.2207154555e-03   
2.0000000000e+01   1.3059280681e-03   4.1163922453e-03   
