0.0000000000e+00   0.0000000000e+00   0.0000000000e+00   
1.0000000000e-01   3.3186733253e-03   1.2838684390e-04   
2.0000000000e-01   6.6324189770e-03   2.5567762287e-04   
3.0000000000e-01   9.9363198726e-03   3.8078598719e-04   
4.0000000000e-01   1.3225480098e-02   5.0264495816e-04   
5.0000000000e-01   1.6495035460e-02   6.2021646716e-04   
6.0000000000e-01   1.9740163996e-02   7.3250072467e-04   
7.0000000000e-01   2.2956096431e-02   8.3854537259e-04   
8.0000000000e-01   2.6138126564e-02   9.3745438237e-04   
9.0000000000e-01   2.9281621575e-02   1.0283966743e-03   
1.0000000000e+00   3.2382032221e-02   1.1106144508e-03   
1.1000000000e+00   3.5434902924e-02   1.1834312582e-03   
1.2000000000e+00   3.8435881717e-02   1.2462598252e-03   
1.3000000000e+00   4.1380730031e-02   1.2986097651e-03   
1.4000000000e+00   4.4265332314e-02   1.3400952887e-03   
1.5000000000e+00   4.7085705444e-02   1.3704431550e-03   
1.6000000000e+00   4.9838007918e-02   1.3895011987e-03   
1.7000000000e+00   5.2518548804e-02   1.3972479384e-03   
1.8000000000e+00   5.5123796411e-02   1.3938039983e-03   
1.9000000000e+00   5.7650386666e-02   1.3794464167e-03   
2.0000000000e+00   6.0095131168e-02   1.3546273995e-03   
2.1000000000e+00   6.2455024875e-02   1.3199997708e-03   
2.2000000000e+00   6.4727253423e-02   1.2764523283e-03   
2.3000000000e+00   6.6909200022e-02   1.2251595194e-03   
2.4000000000e+00   6.8998451904e-02   1.1676510859e-03   
2.5000000000e+00   7.0992806313e-02   1.1059076752e-03   
2.6000000000e+00   7.2890275968e-02   1.0424852903e-03   
2.7000000000e+00   7.4689094013e-02   9.8065866131e-04   
2.8000000000e+00   7.6387718384e-02   9.2453949658e-04   
2.9000000000e+00   7.7984835595e-02   8.7905797190e-04   
3.0000000000e+00   7.9479363894e-02   8.4961305967e-04   
3.1000000000e+00   8.0870455779e-02   8.4121396952e-04   
3.2000000000e+00   8.2157499832e-02   8.5724143915e-04   
3.3000000000e+00   8.3340121867e-02   8.9846562805e-04   
3.4000000000e+00   8.4418185351e-02   9.6301488230e-04   
3.5000000000e+00   8.5391791097e-02   1.0472664886e-03   
3.6000000000e+00   8.6261276204e-02   1.1469713578e-03   
3.7000000000e+00   8.7027212232e-02   1.2580432092e-03   
3.8000000000e+00   8.7690402604e-02   1.3769098921e-03   
3.9000000000e+00   8.8251879236e-02   1.5005782132e-03   
4.0000000000e+00   8.8712898372e-02   1.6265731311e-03   
4.1000000000e+00   8.9074935654e-02   1.7528448480e-03   
4.2000000000e+00   8.9339680407e-02   1.8776829551e-03   
4.3000000000e+00   8.9509029166e-02   1.9996486979e-03   
4.4000000000e+00   8.9585078452e-02   2.1175251928e-03   
4.5000000000e+00   8.9570116812e-02   2.2302820905e-03   
4.6000000000e+00   8.9466616156e-02   2.3370508953e-03   
4.7000000000e+00   8.9277222408e-02   2.4371077849e-03   
4.8000000000e+00   8.9004745506e-02   2.5298615456e-03   
4.9000000000e+00   8.8652148790e-02   2.6148448907e-03   
5.0000000000e+00   8.8222537815e-02   2.6917079234e-03   
5.1000000000e+00   8.7719148629e-02   2.7602128679e-03   
5.2000000000e+00   8.7145335572e-02   2.8202294402e-03   
5.3000000000e+00   8.6504558643e-02   2.8717304158e-03   
5.4000000000e+00   8.5800370486e-02   2.9147870696e-03   
5.5000000000e+00   8.5036403065e-02   2.9495642617e-03   
5.6000000000e+00   8.4216354069e-02   2.9763150031e-03   
5.7000000000e+00   8.3343973134e-02   2.9953743872e-03   
5.8000000000e+00   8.2423047931e-02   3.0071528166e-03   
5.9000000000e+00   8.1457390182e-02   3.0121284832e-03   
6.0000000000e+00   8.0450821698e-02   3.0108390977e-03   
6.1000000000e+00   7.9407160481e-02   3.0038728960e-03   
6.2000000000e+00   7.8330206966e-02   2.9918589843e-03   
6.3000000000e+00   7.7223730489e-02   2.9754571290e-03   
6.4000000000e+00   7.6091456027e-02   2.9553471392e-03   
6.5000000000e+00   7.4937051290e-02   2.9322180410e-03   
6.6000000000e+00   7.3764114231e-02   2.9067572956e-03   
6.7000000000e+00   7.2576161036e-02   2.8796403632e-03   
6.8000000000e+00   7.1376614653e-02   2.8515209591e-03   
6.9000000000e+00   7.0168793927e-02   2.8230223787e-03   
7.0000000000e+00   6.8955903389e-02   2.7947302770e-03   
7.1000000000e+00   6.7741023755e-02   2.7671872601e-03   
7.2000000000e+00   6.6527103176e-02   2.7408895894e-03   
7.3000000000e+00   6.5316949301e-02   2.7162861934e-03   
7.4000000000e+00   6.4113222158e-02   2.6937800382e-03   
7.5000000000e+00   6.2918427927e-02   2.6737317377e-03   
7.6000000000e+00   6.1734913595e-02   2.6564650870e-03   
7.7000000000e+00   6.0564862540e-02   2.6422740173e-03   
7.8000000000e+00   5.9410291052e-02   2.6314302979e-03   
7.9000000000e+00   5.8273045795e-02   2.6241911917e-03   
8.0000000000e+00   5.7154802226e-02   2.6208062063e-03   
8.1000000000e+00   5.6057063961e-02   2.6215221004e-03   
8.2000000000e+00   5.4981163078e-02   2.6265854057e-03   
8.3000000000e+00   5.3928261349e-02   2.6362419044e-03   
8.4000000000e+00   5.2899352376e-02   2.6507327637e-03   
8.5000000000e+00   5.1895264606e-02   2.6702873375e-03   
8.6000000000e+00   5.0916665189e-02   2.6951129881e-03   
8.7000000000e+00   4.9964064648e-02   2.7253826070e-03   
8.8000000000e+00   4.9037822312e-02   2.7612207908e-03   
8.9000000000e+00   4.8138152464e-02   2.8026898076e-03   
9.0000000000e+00   4.7265131155e-02   2.8497765432e-03   
9.1000000000e+00   4.6418703627e-02   2.9023815342e-03   
9.2000000000e+00   4.5598692276e-02   2.9603109804e-03   
9.3000000000e+00   4.4804805102e-02   3.0232723312e-03   
9.4000000000e+00   4.4036644570e-02   3.0908736889e-03   
9.5000000000e+00   4.3293716824e-02   3.1626269441e-03   
9.6000000000e+00   4.2575441162e-02   3.2379542751e-03   
9.7000000000e+00   4.1881159726e-02   3.3161974554e-03   
9.8000000000e+00   4.1210147312e-02   3.3966293127e-03   
9.9000000000e+00   4.0561621239e-02   3.4784666704e-03   
1.0000000000e+01   3.9934751197e-02   3.5608841525e-03   
1.0100000000e+01   3.9328669005e-02   3.6430283251e-03   
1.0200000000e+01   3.8742478212e-02   3.7240317547e-03   
1.0300000000e+01   3.8175263461e-02   3.8030266724e-03   
1.0400000000e+01   3.7626099562e-02   3.8791580258e-03   
1.0500000000e+01   3.7094060209e-02   3.9515957810e-03   
1.0600000000e+01   3.6578226271e-02   4.0195463904e-03   
1.0700000000e+01   3.6077693614e-02   4.0822633856e-03   
1.0800000000e+01   3.5591580399e-02   4.1390570759e-03   
1.0900000000e+01   3.5119033809e-02   4.1893033500e-03   
1.1000000000e+01   3.4659236160e-02   4.2324515808e-03   
1.1100000000e+01   3.4211410366e-02   4.2680316355e-03   
1.1200000000e+01   3.3774824733e-02   4.2956599883e-03   
1.1300000000e+01   3.3348797042e-02   4.3150449287e-03   
1.1400000000e+01   3.2932697915e-02   4.3259908505e-03   
1.1500000000e+01   3.2525953459e-02   4.3284016018e-03   
1.1600000000e+01   3.2128047157e-02   4.3222828630e-03   
1.1700000000e+01   3.1738521039e-02   4.3077435179e-03   
1.1800000000e+01   3.1356976118e-02   4.2849959635e-03   
1.1900000000e+01   3.0983072107e-02   4.2543553003e-03   
1.2000000000e+01   3.0616526447e-02   4.2162373243e-03   
1.2100000000e+01   3.0257112662e-02   4.1711552277e-03   
1.2200000000e+01   2.9904658070e-02   4.1197148994e-03   
1.2300000000e+01   2.9559040894e-02   4.0626086969e-03   
1.2400000000e+01   2.9220186807e-02   4.0006075448e-03   
1.2500000000e+01   2.8888064961e-02   3.9345512123e-03   
1.2600000000e+01   2.8562683542e-02   3.8653366198e-03   
1.2700000000e+01   2.8244084918e-02   3.7939040559e-03   
1.2800000000e+01   2.7932340421e-02   3.7212212405e-03   
1.2900000000e+01   2.7627544831e-02   3.6482652717e-03   
1.3000000000e+01   2.7329810621e-02   3.5760026432e-03   
1.3100000000e+01   2.7039262034e-02   3.5053677345e-03   
1.3200000000e+01   2.6756029036e-02   3.4372404348e-03   
1.3300000000e+01   2.6480241234e-02   3.3724238658e-03   
1.3400000000e+01   2.6212021808e-02   3.3116234610e-03   
1.3500000000e+01   2.5951481525e-02   3.2554288997e-03   
1.3600000000e+01   2.5698712901e-02   3.2043005106e-03   
1.3700000000e+01   2.5453784573e-02   3.1585616859e-03   
1.3800000000e+01   2.5216735927e-02   3.1183985509e-03   
1.3900000000e+01   2.4987572061e-02   3.0838676151e-03   
1.4000000000e+01   2.4766259117e-02   3.0549114392e-03   
1.4100000000e+01   2.4552720041e-02   3.0313815979e-03   
1.4200000000e+01   2.4346830812e-02   3.0130675031e-03   
1.4300000000e+01   2.4148417187e-02   2.9997291025e-03   
1.4400000000e+01   2.3957251987e-02   2.9911311401e-03   
1.4500000000e+01   2.3773052971e-02   2.9870765706e-03   
1.4600000000e+01   2.3595481307e-02   2.9874368370e-03   
1.4700000000e+01   2.3424140670e-02   2.9921769673e-03   
1.4800000000e+01   2.3258576978e-02   3.0013737808e-03   
1.4900000000e+01   2.3098278778e-02   3.0152258526e-03   
1.5000000000e+01   2.2942678272e-02   3.0340542768e-03   
1.5100000000e+01   2.2791153000e-02   3.0582937016e-03   
1.5200000000e+01   2.2643028143e-02   3.0884736252e-03   
1.5300000000e+01   2.2497579459e-02   3.1251905720e-03   
1.5400000000e+01   2.2354036810e-02   3.1690725035e-03   
1.5500000000e+01   2.2211588258e-02   3.2207376050e-03   
1.5600000000e+01   2.2069384706e-02   3.2807503068e-03   
1.5700000000e+01   2.1926545030e-02   3.3495778872e-03   
1.5800000000e+01   2.1782161683e-02   3.4275511171e-03   
1.5900000000e+01   2.1635306699e-02   3.5148320497e-03   
1.6000000000e+01   2.1485038068e-02   3.6113912565e-03   
1.6100000000e+01   2.1330406414e-02   3.7169956981e-03   
1.6200000000e+01   2.1170461930e-02   3.8312072167e-03   
1.6300000000e+01   2.1004261499e-02   3.9533905738e-03   
1.6400000000e+01   2.0830875952e-02   4.0827292046e-03   
1.6500000000e+01   2.0649397391e-02   4.2182465013e-03   
1.6600000000e+01   2.0458946517e-02   4.3588304331e-03   
1.6700000000e+01   2.0258679897e-02   4.5032595803e-03   
1.6800000000e+01   2.0047797110e-02   4.6502290718e-03   
1.6900000000e+01   1.9825547705e-02   4.7983753716e-03   
1.7000000000e+01   1.9591237909e-02   4.9462992706e-03   
1.7100000000e+01   1.9344237026e-02   5.0925867751e-03   
1.7200000000e+01   1.9083983474e-02   5.2358278194e-03   
1.7300000000e+01   1.8809990391e-02   5.3746328852e-03   
1.7400000000e+01   1.8521850776e-02   5.5076476885e-03   
1.7500000000e+01   1.8219242106e-02   5.6335661314e-03   
1.7600000000e+01   1.7901930388e-02   5.7511417132e-03   
1.7700000000e+01   1.7569773605e-02   5.8591975752e-03   
1.7800000000e+01   1.7222724524e-02   5.9566353280e-03   
1.7900000000e+01   1.6860832844e-02   6.0424427796e-03   
1.8000000000e+01   1.6484246639e-02   6.1157006530e-03   
1.8100000000e+01   1.6093213106e-02   6.1755883601e-03   
1.8200000000e+01   1.5688078583e-02   6.2213888785e-03   
1.8300000000e+01   1.5269287840e-02   6.2524927623e-03   
1.8400000000e+01   1.4837382649e-02   6.2684013102e-03   
1.8500000000e+01   1.4392999623e-02   6.2687289036e-03   
1.8600000000e+01   1.3936867353e-02   6.2532045287e-03   
1.8700000000e+01   1.3469802844e-02   6.2216724927e-03   
1.8800000000e+01   1.2992707290e-02   6.1740923468e-03   
1.8900000000e+01   1.2506561201e-02   6.1105380304e-03   
1.9000000000e+01   1.2012418925e-02   6.0311962581e-03   
1.9100000000e+01   1.1511402604e-02   5.9363641737e-03   
1.9200000000e+01   1.1004695606e-02   5.8264463016e-03   
1.9300000000e+01   1.0493535475e-02   5.7019508360e-03   
1.9400000000e+01   9.9792064628e-03   5.5634853132e-03   
1.9500000000e+01   9.4630316911e-03   5.4117517207e-03   
1.9600000000e+01   8.9463649975e-03   5.2475411103e-03   
1.9700000000e+01   8.4305825368e-03   5.0717277887e-03   
1.9800000000e+01   7.9170741932e-03   4.8852631758e-03   
1.9900000000e+01   7.4072348704e-03   4.6891694351e-03   
2.0000000000e+01   6.9024557239e-03   4.4845330026e-03   
