0.0000000000e+00   0.0000000000e+00   0.0000000000e+00   
1.0000000000e-01   1.4744140634e-03   1.7595967069e-04   
2.0000000000e-01   2.9462306259e-03   3.5006072402e-04   
3.0000000000e-01   4.4128573840e-03   5.2046248817e-04   
4.0000000000e-01   5.8717124325e-03   6.8536003533e-04   
5.0000000000e-01   7.3202294710e-03   8.4300168826e-04   
6.0000000000e-01   8.7558630199e-03   9.9170609605e-04   
7.0000000000e-01   1.0176093646e-02   1.1298787479e-03   
8.0000000000e-01   1.1578433203e-02   1.2560278063e-03   
9.0000000000e-01   1.2960430077e-02   1.3687791572e-03   
1.0000000000e+00   1.4319674453e-02   1.4668905970e-03   
1.1000000000e+00   1.5653803583e-02   1.5492651083e-03   
1.2000000000e+00   1.6960507061e-02   1.6149632165e-03   
1.3000000000e+00   1.8237532099e-02   1.6632144853e-03   
1.4000000000e+00   1.9482688796e-02   1.6934282977e-03   
1.5000000000e+00   2.0693855390e-02   1.7052042108e-03   
1.6000000000e+00   2.1868983487e-02   1.6983423988e-03   
1.7000000000e+00   2.3006103250e-02   1.6728550685e-03   
1.8000000000e+00   2.4103328531e-02   1.6289803740e-03   
1.9000000000e+00   2.5158861951e-02   1.5672015014e-03   
2.0000000000e+00   2.6170999873e-02   1.4882757323e-03   
2.1000000000e+00   2.7138137288e-02   1.3932824535e-03   
2.2000000000e+00   2.8058772566e-02   1.2837075575e-03   
2.3000000000e+00   2.8931512067e-02   1.1615997119e-03   
2.4000000000e+00   2.9755074572e-02   1.0298738992e-03   
2.5000000000e+00   3.0528295526e-02   8.9292719726e-04   
2.6000000000e+00   3.1250131054e-02   7.5791873954e-04   
2.7000000000e+00   3.1919661737e-02   6.3730040093e-04   
2.8000000000e+00   3.2536096104e-02   5.5233675983e-04   
2.9000000000e+00   3.3098773832e-02   5.3083235406e-04   
3.0000000000e+00   3.3607168606e-02   5.8679050697e-04   
3.1000000000e+00   3.4060890636e-02   7.0558160213e-04   
3.2000000000e+00   3.4459688781e-02   8.6273848647e-04   
3.3000000000e+00   3.4803452271e-02   1.0403646517e-03   
3.4000000000e+00   3.5092211999e-02   1.2276768740e-03   
3.5000000000e+00   3.5326141344e-02   1.4179975569e-03   
3.6000000000e+00   3.5505556539e-02   1.6067746134e-03   
3.7000000000e+00   3.5630916517e-02   1.7905870914e-03   
3.8000000000e+00   3.5702822264e-02   1.9666645279e-03   
3.9000000000e+00   3.5722015629e-02   2.1326510438e-03   
4.0000000000e+00   3.5689377599e-02   2.2864873006e-03   
4.1000000000e+00   3.5605926015e-02   2.4263512898e-03   
4.2000000000e+00   3.5472812739e-02   2.5506296047e-03   
4.3000000000e+00   3.5291320252e-02   2.6579049686e-03   
4.4000000000e+00   3.5062857695e-02   2.7469525361e-03   
4.5000000000e+00   3.4788956350e-02   2.8167408619e-03   
4.6000000000e+00   3.4471264569e-02   2.8664351898e-03   
4.7000000000e+00   3.4111542168e-02   2.8954016833e-03   
4.8000000000e+00   3.3711654296e-02   2.9032117777e-03   
4.9000000000e+00   3.3273564788e-02   2.8896461833e-03   
5.0000000000e+00   3.2799329051e-02   2.8546983106e-03   
5.1000000000e+00   3.2291086475e-02   2.7985770924e-03   
5.2000000000e+00   3.1751052429e-02   2.7217093804e-03   
5.3000000000e+00   3.1181509849e-02   2.6247423566e-03   
5.4000000000e+00   3.0584800482e-02   2.5085467854e-03   
5.5000000000e+00   2.9963315793e-02   2.3742225714e-03   
5.6000000000e+00   2.9319487611e-02   2.2231092104e-03   
5.7000000000e+00   2.8655778529e-02   2.0568058317e-03   
5.8000000000e+00   2.7974672130e-02   1.8772096793e-03   
5.9000000000e+00   2.7278663075e-02   1.6865905023e-03   
6.0000000000e+00   2.6570247100e-02   1.4877372265e-03   
6.1000000000e+00   2.5851910997e-02   1.2842569696e-03   
6.2000000000e+00   2.5126122603e-02   1.0812117170e-03   
6.3000000000e+00   2.4395320878e-02   8.8652878508e-04   
6.4000000000e+00   2.3661906113e-02   7.1408923421e-04   
6.5000000000e+00   2.2928230323e-02   5.8897329156e-04   
6.6000000000e+00   2.2196587892e-02   5.4639353090e-04   
6.7000000000e+00   2.1469206502e-02   6.0195579006e-04   
6.8000000000e+00   2.0748238424e-02   7.2910460251e-04   
6.9000000000e+00   2.0035752199e-02   8.9198520332e-04   
7.0000000000e+00   1.9333724779e-02   1.0678543669e-03   
7.1000000000e+00   1.8644034151e-02   1.2443653827e-03   
7.2000000000e+00   1.7968452512e-02   1.4143918695e-03   
7.3000000000e+00   1.7308640018e-02   1.5733246727e-03   
7.4000000000e+00   1.6666139147e-02   1.7178622547e-03   
7.5000000000e+00   1.6042369724e-02   1.8454640274e-03   
7.6000000000e+00   1.5438624612e-02   1.9540925968e-03   
7.7000000000e+00   1.4856066116e-02   2.0420874139e-03   
7.8000000000e+00   1.4295723112e-02   2.1081014156e-03   
7.9000000000e+00   1.3758488916e-02   2.1510693164e-03   
8.0000000000e+00   1.3245119901e-02   2.1701924055e-03   
8.1000000000e+00   1.2756234885e-02   2.1649322167e-03   
8.2000000000e+00   1.2292315262e-02   2.1350091799e-03   
8.3000000000e+00   1.1853705902e-02   2.0804044436e-03   
8.4000000000e+00   1.1440616793e-02   2.0013644891e-03   
8.5000000000e+00   1.1053125410e-02   1.8984095767e-03   
8.6000000000e+00   1.0691179811e-02   1.7723491873e-03   
8.7000000000e+00   1.0354602409e-02   1.6243118015e-03   
8.8000000000e+00   1.0043094412e-02   1.4558059866e-03   
8.9000000000e+00   9.7562408945e-03   1.2688547972e-03   
9.0000000000e+00   9.4935164529e-03   1.0663190519e-03   
9.1000000000e+00   9.2542914184e-03   8.5277486781e-04   
9.2000000000e+00   9.0378385714e-03   6.3731536794e-04   
9.3000000000e+00   8.8433403160e-03   4.4422504560e-04   
9.4000000000e+00   8.6698962595e-03   3.4790546051e-04   
9.5000000000e+00   8.5165311465e-03   4.3993719662e-04   
9.6000000000e+00   8.3822030888e-03   6.5290499343e-04   
9.7000000000e+00   8.2658120359e-03   9.0841548508e-04   
9.8000000000e+00   8.1662084256e-03   1.1791464029e-03   
9.9000000000e+00   8.0822019549e-03   1.4545315614e-03   
1.0000000000e+01   8.0125704120e-03   1.7287939272e-03   
1.0100000000e+01   7.9560685071e-03   1.9978179192e-03   
1.0200000000e+01   7.9114366435e-03   2.2581927307e-03   
1.0300000000e+01   7.8774095698e-03   2.5068737344e-03   
1.0400000000e+01   7.8527248542e-03   2.7410528614e-03   
1.0500000000e+01   7.8361311264e-03   2.9581100839e-03   
1.0600000000e+01   7.8263960325e-03   3.1555998188e-03   
1.0700000000e+01   7.8223138518e-03   3.3312534951e-03   
1.0800000000e+01   7.8227127272e-03   3.4829898857e-03   
1.0900000000e+01   7.8264614644e-03   3.6089291182e-03   
1.1000000000e+01   7.8324758583e-03   3.7074082320e-03   
1.1100000000e+01   7.8397245097e-03   3.7769971070e-03   
1.1200000000e+01   7.8472340983e-03   3.8165140987e-03   
1.1300000000e+01   7.8540940845e-03   3.8250410307e-03   
1.1400000000e+01   7.8594608145e-03   3.8019374230e-03   
1.1500000000e+01   7.8625610103e-03   3.7468540578e-03   
1.1600000000e+01   7.8626946306e-03   3.6597462636e-03   
1.1700000000e+01   7.8592370913e-03   3.5408877122e-03   
1.1800000000e+01   7.8516408437e-03   3.3908862221e-03   
1.1900000000e+01   7.8394363087e-03   3.2107043259e-03   
1.2000000000e+01   7.8222321746e-03   3.0016897832e-03   
1.2100000000e+01   7.7997150674e-03   2.7656261621e-03   
1.2200000000e+01   7.7716486095e-03   2.5048243346e-03   
1.2300000000e+01   7.7378718875e-03   2.2223006935e-03   
1.2400000000e+01   7.6982973511e-03   1.9221508969e-03   
1.2500000000e+01   7.6529081743e-03   1.6104018475e-03   
1.2600000000e+01   7.6017551092e-03   1.2971491358e-03   
1.2700000000e+01   7.5449528691e-03   1.0024263669e-03   
1.2800000000e+01   7.4826760807e-03   7.7189139723e-04   
1.2900000000e+01   7.4151548462e-03   6.9466476110e-04   
1.3000000000e+01   7.3426699614e-03   8.2600138888e-04   
1.3100000000e+01   7.2655478363e-03   1.0959940564e-03   
1.3200000000e+01   7.1841551663e-03   1.4261414840e-03   
1.3300000000e+01   7.0988934052e-03   1.7784361888e-03   
1.3400000000e+01   7.0101930899e-03   2.1351012793e-03   
1.3500000000e+01   6.9185080687e-03   2.4860624368e-03   
1.3600000000e+01   6.8243096853e-03   2.8243703976e-03   
1.3700000000e+01   6.7280809682e-03   3.1445091418e-03   
1.3800000000e+01   6.6303108778e-03   3.4417163391e-03   
1.3900000000e+01   6.5314886587e-03   3.7116908808e-03   
1.4000000000e+01   6.4320983457e-03   3.9504632346e-03   
1.4100000000e+01   6.3326134688e-03   4.1543402070e-03   
1.4200000000e+01   6.2334920001e-03   4.3198860469e-03   
1.4300000000e+01   6.1351715842e-03   4.4439221865e-03   
1.4400000000e+01   6.0380650881e-03   4.5235368348e-03   
1.4500000000e+01   5.9425565060e-03   4.5560998443e-03   
1.4600000000e+01   5.8489972490e-03   4.5392804292e-03   
1.4700000000e+01   5.7577028473e-03   4.4710665692e-03   
1.4800000000e+01   5.6689500866e-03   4.3497858649e-03   
1.4900000000e+01   5.5829745988e-03   4.1741286255e-03   
1.5000000000e+01   5.4999689207e-03   3.9431755991e-03   
1.5100000000e+01   5.4200810307e-03   3.6564360901e-03   
1.5200000000e+01   5.3434133707e-03   3.3139101552e-03   
1.5300000000e+01   5.2700223523e-03   2.9162100653e-03   
1.5400000000e+01   5.1999183475e-03   2.4648432778e-03   
1.5500000000e+01   5.1330661531e-03   1.9630110375e-03   
1.5600000000e+01   5.0693859208e-03   1.4185087005e-03   
1.5700000000e+01   5.0087545355e-03   8.5936919916e-04   
1.5800000000e+01   4.9510074237e-03   4.7768856744e-04   
1.5900000000e+01   4.8959407678e-03   8.2553140408e-04   
1.6000000000e+01   4.8433141023e-03   1.5161348734e-03   
1.6100000000e+01   4.7928532595e-03   2.2966872675e-03   
1.6200000000e+01   4.7442536359e-03   3.1296451934e-03   
1.6300000000e+01   4.6971837407e-03   4.0034774228e-03   
1.6400000000e+01   4.6512889932e-03   4.9115381693e-03   
1.6500000000e+01   4.6061957271e-03   5.8484604465e-03   
1.6600000000e+01   4.5615153634e-03   6.8092297482e-03   
1.6700000000e+01   4.5168487094e-03   7.7888882072e-03   
1.6800000000e+01   4.4717903424e-03   8.7824331170e-03   
1.6900000000e+01   4.4259330348e-03   9.7847876619e-03   
1.7000000000e+01   4.3788721782e-03   1.0790802480e-02   
1.7100000000e+01   4.3302101656e-03   1.1795271902e-02   
1.7200000000e+01   4.2795606883e-03   1.2792957778e-02   
1.7300000000e+01   4.2265529094e-03   1.3778617460e-02   
1.7400000000e+01   4.1708354738e-03   1.4747034088e-02   
1.7500000000e+01   4.1120803187e-03   1.5693048095e-02   
1.7600000000e+01   4.0499862496e-03   1.6611589213e-02   
1.7700000000e+01   3.9842822495e-03   1.7497708470e-02   
1.7800000000e+01   3.9147304924e-03   1.8346609776e-02   
1.7900000000e+01   3.8411290331e-03   1.9153680766e-02   
1.8000000000e+01   3.7633141521e-03   1.9914522606e-02   
1.8100000000e+01   3.6811623331e-03   2.0624978510e-02   
1.8200000000e+01   3.5945918590e-03   2.1281160732e-02   
1.8300000000e+01   3.5035640108e-03   2.1879475814e-02   
1.8400000000e+01   3.4080838634e-03   2.2416647908e-02   
1.8500000000e+01   3.3082006699e-03   2.2889739984e-02   
1.8600000000e+01   3.2040078342e-03   2.3296172766e-02   
1.8700000000e+01   3.0956424746e-03   2.3633741280e-02   
1.8800000000e+01   2.9832845830e-03   2.3900628858e-02   
1.8900000000e+01   2.8671557895e-03   2.4095418532e-02   
1.9000000000e+01   2.7475177462e-03   2.4217101717e-02   
1.9100000000e+01   2.6246701460e-03   2.4265084141e-02   
1.9200000000e+01   2.4989483955e-03   2.4239188964e-02   
1.9300000000e+01   2.3707209665e-03   2.4139657088e-02   
1.9400000000e+01   2.2403864488e-03   2.3967144656e-02   
1.9500000000e+01   2.1083703348e-03   2.3722717754e-02   
1.9600000000e+01   1.9751215645e-03   2.3407844381e-02   
1.9700000000e+01   1.8411088637e-03   2.3024383737e-02   
1.9800000000e+01   1.7068169091e-03   2.2574572927e-02   
1.9900000000e+01   1.5727423557e-03   2.2061011170e-02   
2.0000000000e+01   1.4393897621e-03   2.1486641661e-02   
