0.0000000000e+00 0.0000000000e+00 0
1.0000000000e-01 1.5065450345e-03 0.00102069
2.0000000000e-01 3.0101985899e-03 0.00203547
3.0000000000e-01 4.5080771458e-03 0.00303849
4.0000000000e-01 5.9973130775e-03 0.00402395
5.0000000000e-01 7.4750625481e-03 0.00498622
6.0000000000e-01 8.9385133345e-03 0.00591978
7.0000000000e-01 1.0384892564e-02 0.00681935
8.0000000000e-01 1.1811474343e-02 0.00767987
9.0000000000e-01 1.3215587247e-02 0.00849657
1.0000000000e+00 1.4594621669e-02 0.00926498
1.1000000000e+00 1.5946036976e-02 0.00998095
1.2000000000e+00 1.7267368484e-02 0.0106407
1.3000000000e+00 1.8556234208e-02 0.0112409
1.4000000000e+00 1.9810341374e-02 0.0117785
1.5000000000e+00 2.1027492677e-02 0.0122511
1.6000000000e+00 2.2205592257e-02 0.0126565
1.7000000000e+00 2.3342651382e-02 0.012993
1.8000000000e+00 2.4436793811e-02 0.0132596
1.9000000000e+00 2.5486260827e-02 0.0134555
2.0000000000e+00 2.6489415918e-02 0.0135806
2.1000000000e+00 2.7444749087e-02 0.013635
2.2000000000e+00 2.8350880787e-02 0.0136196
2.3000000000e+00 2.9206565446e-02 0.0135354
2.4000000000e+00 3.0010694590e-02 0.0133842
2.5000000000e+00 3.0762299536e-02 0.0131679
2.6000000000e+00 3.1460553649e-02 0.0128891
2.7000000000e+00 3.2104774151e-02 0.0125506
2.8000000000e+00 3.2694423477e-02 0.0121557
2.9000000000e+00 3.3229110165e-02 0.011708
3.0000000000e+00 3.3708589271e-02 0.0112113
3.1000000000e+00 3.4132762319e-02 0.0106701
3.2000000000e+00 3.4501676764e-02 0.0100887
3.3000000000e+00 3.4815524979e-02 0.00947181
3.4000000000e+00 3.5074642761e-02 0.00882448
3.5000000000e+00 3.5279507360e-02 0.00815189
3.6000000000e+00 3.5430735039e-02 0.00745952
3.7000000000e+00 3.5529078154e-02 0.00675314
3.8000000000e+00 3.5575421789e-02 0.006039
3.9000000000e+00 3.5570779928e-02 0.00532416
4.0000000000e+00 3.5516291199e-02 0.00461735
4.1000000000e+00 3.5413214178e-02 0.0039312
4.2000000000e+00 3.5262922300e-02 0.00328918
4.3000000000e+00 3.5066898363e-02 0.00275021
4.4000000000e+00 3.4826728667e-02 0.00248321
4.5000000000e+00 3.4544096795e-02 0.00267936
4.6000000000e+00 3.4220777071e-02 0.0030642
4.7000000000e+00 3.3858627706e-02 0.00307923
4.8000000000e+00 3.3459583670e-02 0.00279312
4.9000000000e+00 3.3025649310e-02 0.00257301
5.0000000000e+00 3.2558890751e-02 0.00258563
5.1000000000e+00 3.2061428096e-02 0.00281466
5.2000000000e+00 3.1535427480e-02 0.00312817
5.3000000000e+00 3.0983092988e-02 0.00345066
5.4000000000e+00 3.0406658478e-02 0.00375265
5.5000000000e+00 2.9808379357e-02 0.00402197
5.6000000000e+00 2.9190524319e-02 0.00425305
5.7000000000e+00 2.8555367105e-02 0.00444329
5.8000000000e+00 2.7905178310e-02 0.00459168
5.9000000000e+00 2.7242217264e-02 0.00469821
6.0000000000e+00 2.6568724044e-02 0.00476352
6.1000000000e+00 2.5886911629e-02 0.00478866
6.2000000000e+00 2.5198958254e-02 0.00477466
6.3000000000e+00 2.4506999974e-02 0.00472181
6.4000000000e+00 2.3813123495e-02 0.00462793
6.5000000000e+00 2.3119359281e-02 0.0044861
6.6000000000e+00 2.2427674992e-02 0.00428839
6.7000000000e+00 2.1739969254e-02 0.00403948
6.8000000000e+00 2.1058065811e-02 0.00375488
6.9000000000e+00 2.0383708077e-02 0.00344776
7.0000000000e+00 1.9718554102e-02 0.00312695
7.1000000000e+00 1.9064171996e-02 0.00279957
7.2000000000e+00 1.8422035800e-02 0.00247367
7.3000000000e+00 1.7793521846e-02 0.00216225
7.4000000000e+00 1.7179905611e-02 0.00189443
7.5000000000e+00 1.6582359065e-02 0.00174632
7.6000000000e+00 1.6001948547e-02 0.00181218
7.7000000000e+00 1.5439633148e-02 0.00200055
7.8000000000e+00 1.4896263619e-02 0.00215109
7.9000000000e+00 1.4372581805e-02 0.00217867
8.0000000000e+00 1.3869220597e-02 0.00210197
8.1000000000e+00 1.3386704389e-02 0.00199295
8.2000000000e+00 1.2925450057e-02 0.00192808
8.3000000000e+00 1.2485768416e-02 0.00197941
8.4000000000e+00 1.2067866166e-02 0.00214278
8.5000000000e+00 1.1671848302e-02 0.00235959
8.6000000000e+00 1.1297720965e-02 0.00259379
8.7000000000e+00 1.0945394716e-02 0.00283019
8.8000000000e+00 1.0614688216e-02 0.00306189
8.9000000000e+00 1.0305332269e-02 0.00328468
9.0000000000e+00 1.0016974221e-02 0.00349446
9.1000000000e+00 9.7491826707e-03 0.00368526
9.2000000000e+00 9.5014524607e-03 0.00384731
9.3000000000e+00 9.2732099295e-03 0.00396653
9.4000000000e+00 9.0638183758e-03 0.00402922
9.5000000000e+00 8.8725837084e-03 0.00403165
9.6000000000e+00 8.6987602446e-03 0.00398237
9.7000000000e+00 8.5415566196e-03 0.00389436
9.8000000000e+00 8.4001417732e-03 0.00377882
9.9000000000e+00 8.2736509752e-03 0.00364425
1.0000000000e+01 8.1611918545e-03 0.00349753
1.0100000000e+01 8.0618503966e-03 0.0033453
1.0200000000e+01 7.9746968733e-03 0.00319547
1.0300000000e+01 7.8987916720e-03 0.0030595
1.0400000000e+01 7.8331909908e-03 0.00295585
1.0500000000e+01 7.7769523678e-03 0.00291082
1.0600000000e+01 7.7291400147e-03 0.00294177
1.0700000000e+01 7.6888299270e-03 0.00303282
1.0800000000e+01 7.6551147429e-03 0.00315008
1.0900000000e+01 7.6271083279e-03 0.00326724
1.1000000000e+01 7.6039500622e-03 0.0033684
1.1100000000e+01 7.5848088116e-03 0.00344386
1.1200000000e+01 7.5688865634e-03 0.00348737
1.1300000000e+01 7.5554217140e-03 0.00349498
1.1400000000e+01 7.5436919950e-03 0.00346462
1.1500000000e+01 7.5330170281e-03 0.00339596
1.1600000000e+01 7.5227605031e-03 0.0032902
1.1700000000e+01 7.5123319732e-03 0.00314978
1.1800000000e+01 7.5011882677e-03 0.00297805
1.1900000000e+01 7.4888345233e-03 0.00277902
1.2000000000e+01 7.4748248361e-03 0.0025578
1.2100000000e+01 7.4587625442e-03 0.00232505
1.2200000000e+01 7.4403001466e-03 0.00217526
1.2300000000e+01 7.4191388720e-03 0.00230247
1.2400000000e+01 7.3950279105e-03 0.00248918
1.2500000000e+01 7.3677633248e-03 0.00268737
1.2600000000e+01 7.3371866574e-03 0.00288
1.2700000000e+01 7.3031832556e-03 0.0030355
1.2800000000e+01 7.2656803338e-03 0.00308998
1.2900000000e+01 7.2246447979e-03 0.00298621
1.3000000000e+01 7.1800808544e-03 0.00276243
1.3100000000e+01 7.1320274308e-03 0.00248972
1.3200000000e+01 7.0805554329e-03 0.00221448
1.3300000000e+01 7.0257648659e-03 0.00201801
1.3400000000e+01 6.9677818471e-03 0.0021447
1.3500000000e+01 6.9067555372e-03 0.00241275
1.3600000000e+01 6.8428550180e-03 0.00268855
1.3700000000e+01 6.7762661441e-03 0.00295225
1.3800000000e+01 6.7071883954e-03 0.00319644
1.3900000000e+01 6.6358317566e-03 0.00341624
1.4000000000e+01 6.5624136491e-03 0.00360774
1.4100000000e+01 6.4871559408e-03 0.00376763
1.4200000000e+01 6.4102820555e-03 0.00389313
1.4300000000e+01 6.3320142056e-03 0.00398203
1.4400000000e+01 6.2525707668e-03 0.00403269
1.4500000000e+01 6.1721638151e-03 0.00404416
1.4600000000e+01 6.0909968424e-03 0.00401619
1.4700000000e+01 6.0092626660e-03 0.00394943
1.4800000000e+01 5.9271415445e-03 0.00384566
1.4900000000e+01 5.8447995125e-03 0.00370833
1.5000000000e+01 5.7623869421e-03 0.00354348
1.5100000000e+01 5.6800373374e-03 0.00336183
1.5200000000e+01 5.5978663689e-03 0.00318275
1.5300000000e+01 5.5159711472e-03 0.00304115
1.5400000000e+01 5.4344297391e-03 0.0029897
1.5500000000e+01 5.3533009218e-03 0.00306735
1.5600000000e+01 5.2726241733e-03 0.00324561
1.5700000000e+01 5.1924198917e-03 0.00344828
1.5800000000e+01 5.1126898354e-03 0.00361834
1.5900000000e+01 5.0334177760e-03 0.00376031
1.6000000000e+01 4.9545703501e-03 0.00393473
1.6100000000e+01 4.8760980987e-03 0.00420889
1.6200000000e+01 4.7979366792e-03 0.00461065
1.6300000000e+01 4.7200082335e-03 0.0051273
1.6400000000e+01 4.6422228961e-03 0.00573201
1.6500000000e+01 4.5644804230e-03 0.00640068
1.6600000000e+01 4.4866719243e-03 0.00711527
1.6700000000e+01 4.4086816788e-03 0.00786251
1.6800000000e+01 4.3303890130e-03 0.00863225
1.6900000000e+01 4.2516702220e-03 0.00941621
1.7000000000e+01 4.1724005140e-03 0.0102074
1.7100000000e+01 4.0924559567e-03 0.0109994
1.7200000000e+01 4.0117154063e-03 0.0117866
1.7300000000e+01 3.9300624000e-03 0.0125637
1.7400000000e+01 3.8473869914e-03 0.0133256
1.7500000000e+01 3.7635875134e-03 0.0140674
1.7600000000e+01 3.6785722482e-03 0.0147848
1.7700000000e+01 3.5922609913e-03 0.0154732
1.7800000000e+01 3.5045864921e-03 0.0161288
1.7900000000e+01 3.4154957591e-03 0.0167476
1.8000000000e+01 3.3249512166e-03 0.0173261
1.8100000000e+01 3.2329317027e-03 0.0178609
1.8200000000e+01 3.1394332994e-03 0.018349
1.8300000000e+01 3.0444699874e-03 0.0187877
1.8400000000e+01 2.9480741194e-03 0.0191745
1.8500000000e+01 2.8502967092e-03 0.0195072
1.8600000000e+01 2.7512075333e-03 0.0197842
1.8700000000e+01 2.6508950446e-03 0.0200038
1.8800000000e+01 2.5494661007e-03 0.0201651
1.8900000000e+01 2.4470455083e-03 0.0202672
1.9000000000e+01 2.3437753896e-03 0.0203096
1.9100000000e+01 2.2398143767e-03 0.0202924
1.9200000000e+01 2.1353366419e-03 0.0202157
1.9300000000e+01 2.0305307729e-03 0.0200801
1.9400000000e+01 1.9255985046e-03 0.0198867
1.9500000000e+01 1.8207533187e-03 0.0196367
1.9600000000e+01 1.7162189242e-03 0.0193316
1.9700000000e+01 1.6122276335e-03 0.0189735
1.9800000000e+01 1.5090186485e-03 0.0185644
1.9900000000e+01 1.4068362732e-03 0.0181069
2.0000000000e+01 1.3059280681e-03 0.0176037
