0.0000000000e+00 0 0
1.0000000000e-01 0.00132189 0.00164119
2.0000000000e-01 0.00264285 0.0032781
3.0000000000e-01 0.00396194 0.00490645
4.0000000000e-01 0.0052782 0.00652202
5.0000000000e-01 0.00659061 0.00812066
6.0000000000e-01 0.00789815 0.0096983
7.0000000000e-01 0.00919971 0.011251
8.0000000000e-01 0.0104941 0.0127748
9.0000000000e-01 0.0117801 0.0142662
1.0000000000e+00 0.0130565 0.0157216
1.1000000000e+00 0.0143216 0.0171376
1.2000000000e+00 0.0155742 0.0185111
1.3000000000e+00 0.0168125 0.0198392
1.4000000000e+00 0.0180348 0.0211193
1.5000000000e+00 0.0192393 0.0223488
1.6000000000e+00 0.0204239 0.0235257
1.7000000000e+00 0.0215867 0.024648
1.8000000000e+00 0.0227253 0.0257143
1.9000000000e+00 0.0238372 0.0267233
2.0000000000e+00 0.0249199 0.0276743
2.1000000000e+00 0.0259704 0.0285669
2.2000000000e+00 0.0269853 0.0294014
2.3000000000e+00 0.0279609 0.0301789
2.4000000000e+00 0.0288923 0.0309015
2.5000000000e+00 0.0297734 0.0315731
2.6000000000e+00 0.0305957 0.0322
2.7000000000e+00 0.0313477 0.0327919
2.8000000000e+00 0.0320148 0.0333617
2.9000000000e+00 0.0325833 0.0339217
3.0000000000e+00 0.0330477 0.0344765
3.1000000000e+00 0.0334136 0.0350195
3.2000000000e+00 0.0336927 0.0355387
3.3000000000e+00 0.0338962 0.0360224
3.4000000000e+00 0.034033 0.0364621
3.5000000000e+00 0.0341094 0.0368515
3.6000000000e+00 0.0341304 0.0371862
3.7000000000e+00 0.0341002 0.0374633
3.8000000000e+00 0.0340221 0.0376803
3.9000000000e+00 0.0338993 0.0378357
4.0000000000e+00 0.0337347 0.0379283
4.1000000000e+00 0.0335311 0.0379573
4.2000000000e+00 0.0332913 0.0379224
4.3000000000e+00 0.0330178 0.0378234
4.4000000000e+00 0.0327133 0.0376608
4.5000000000e+00 0.0323801 0.0374351
4.6000000000e+00 0.0320207 0.0371472
4.7000000000e+00 0.0316374 0.0367984
4.8000000000e+00 0.0312325 0.0363902
4.9000000000e+00 0.0308081 0.0359244
5.0000000000e+00 0.0303662 0.0354032
5.1000000000e+00 0.0299087 0.034829
5.2000000000e+00 0.0294375 0.0342044
5.3000000000e+00 0.0289543 0.0335324
5.4000000000e+00 0.0284604 0.0328163
5.5000000000e+00 0.0279574 0.0320595
5.6000000000e+00 0.0274463 0.0312658
5.7000000000e+00 0.0269282 0.0304392
5.8000000000e+00 0.0264038 0.0295841
5.9000000000e+00 0.0258734 0.0287051
6.0000000000e+00 0.0253367 0.0278076
6.1000000000e+00 0.0247927 0.0268977
6.2000000000e+00 0.0242384 0.0259834
6.3000000000e+00 0.0236673 0.0250763
6.4000000000e+00 0.023065 0.0241953
6.5000000000e+00 0.022405 0.023372
6.6000000000e+00 0.0216601 0.0226383
6.7000000000e+00 0.0208379 0.0219908
6.8000000000e+00 0.0199748 0.0213978
6.9000000000e+00 0.0191004 0.0208338
7.0000000000e+00 0.0182316 0.0202858
7.1000000000e+00 0.0173786 0.0197475
7.2000000000e+00 0.0165482 0.0192157
7.3000000000e+00 0.0157454 0.0186889
7.4000000000e+00 0.0149741 0.018166
7.5000000000e+00 0.014238 0.0176466
7.6000000000e+00 0.0135397 0.0171303
7.7000000000e+00 0.0128817 0.0166172
7.8000000000e+00 0.0122661 0.0161073
7.9000000000e+00 0.0116944 0.0156007
8.0000000000e+00 0.0111679 0.0150978
8.1000000000e+00 0.0106874 0.0145991
8.2000000000e+00 0.0102532 0.014105
8.3000000000e+00 0.00986538 0.0136163
8.4000000000e+00 0.00952337 0.0131339
8.5000000000e+00 0.00922614 0.012659
8.6000000000e+00 0.00897203 0.0121931
8.7000000000e+00 0.00875864 0.0117382
8.8000000000e+00 0.00858255 0.0112971
8.9000000000e+00 0.00843882 0.0108739
9.0000000000e+00 0.00832021 0.0104747
9.1000000000e+00 0.00821569 0.0101092
9.2000000000e+00 0.00810875 0.00979245
9.3000000000e+00 0.00797749 0.00954458
9.4000000000e+00 0.00780183 0.00938382
9.5000000000e+00 0.00757665 0.00931329
9.6000000000e+00 0.00731393 0.00931884
9.7000000000e+00 0.00703116 0.0093807
9.8000000000e+00 0.00674259 0.00948227
9.9000000000e+00 0.00645785 0.00961142
1.0000000000e+01 0.00618327 0.00975932
1.0100000000e+01 0.00592312 0.00991913
1.0200000000e+01 0.00568041 0.0100852
1.0300000000e+01 0.00545742 0.0102527
1.0400000000e+01 0.0052559 0.0104173
1.0500000000e+01 0.00507723 0.010575
1.0600000000e+01 0.00492253 0.0107221
1.0700000000e+01 0.00479268 0.0108552
1.0800000000e+01 0.00468835 0.0109714
1.0900000000e+01 0.00461003 0.0110678
1.1000000000e+01 0.00455801 0.0111418
1.1100000000e+01 0.00453238 0.0111913
1.1200000000e+01 0.00453309 0.0112144
1.1300000000e+01 0.00455984 0.0112094
1.1400000000e+01 0.00461219 0.011175
1.1500000000e+01 0.00468945 0.0111104
1.1600000000e+01 0.00479076 0.0110151
1.1700000000e+01 0.00491503 0.0108888
1.1800000000e+01 0.00506093 0.0107318
1.1900000000e+01 0.00522687 0.0105446
1.2000000000e+01 0.00541098 0.0103285
1.2100000000e+01 0.005611 0.010085
1.2200000000e+01 0.00582417 0.0098164
1.2300000000e+01 0.00604689 0.00952604
1.2400000000e+01 0.00627411 0.0092188
1.2500000000e+01 0.00649775 0.00890276
1.2600000000e+01 0.00670254 0.00859332
1.2700000000e+01 0.00685544 0.00832379
1.2800000000e+01 0.00689019 0.00816083
1.2900000000e+01 0.00674711 0.0081646
1.3000000000e+01 0.00646349 0.00829846
1.3100000000e+01 0.00610951 0.00849291
1.3200000000e+01 0.00572475 0.00870918
1.3300000000e+01 0.00532814 0.00892918
1.3400000000e+01 0.00493021 0.00914333
1.3500000000e+01 0.00453803 0.00934551
1.3600000000e+01 0.00415713 0.0095312
1.3700000000e+01 0.00379223 0.00969673
1.3800000000e+01 0.00344755 0.00983891
1.3900000000e+01 0.00312696 0.0099549
1.4000000000e+01 0.00283404 0.0100422
1.4100000000e+01 0.00257211 0.0100984
1.4200000000e+01 0.00234416 0.0101216
1.4300000000e+01 0.0021529 0.01011
1.4400000000e+01 0.00200068 0.010062
1.4500000000e+01 0.00188946 0.00997666
1.4600000000e+01 0.00182076 0.00985309
1.4700000000e+01 0.00179557 0.00969102
1.4800000000e+01 0.00181421 0.00949069
1.4900000000e+01 0.00187623 0.00925309
1.5000000000e+01 0.00198006 0.0089802
1.5100000000e+01 0.00212262 0.00867541
1.5200000000e+01 0.00229852 0.00834434
1.5300000000e+01 0.00249869 0.0079962
1.5400000000e+01 0.00270796 0.00764618
1.5500000000e+01 0.00290102 0.00731954
1.5600000000e+01 0.0030375 0.00705648
1.5700000000e+01 0.0030625 0.00691165
1.5800000000e+01 0.00292592 0.00693483
1.5900000000e+01 0.00261417 0.00713916
1.6000000000e+01 0.00215309 0.00749833
1.6100000000e+01 0.00158054 0.00797389
1.6200000000e+01 0.000927631 0.00853408
1.6300000000e+01 0.000215917 0.00915667
1.6400000000e+01 -0.000539943 0.00982626
1.6500000000e+01 -0.00132948 0.0105316
1.6600000000e+01 -0.00214468 0.0112638
1.6700000000e+01 -0.00297896 0.0120155
1.6800000000e+01 -0.00382661 0.0127801
1.6900000000e+01 -0.00468242 0.0135515
1.7000000000e+01 -0.00554154 0.0143241
1.7100000000e+01 -0.00639934 0.0150923
1.7200000000e+01 -0.00725137 0.0158508
1.7300000000e+01 -0.00809331 0.0165946
1.7400000000e+01 -0.00892095 0.0173187
1.7500000000e+01 -0.00973023 0.0180183
1.7600000000e+01 -0.0105172 0.0186888
1.7700000000e+01 -0.0112781 0.0193258
1.7800000000e+01 -0.0120092 0.0199252
1.7900000000e+01 -0.0127071 0.020483
1.8000000000e+01 -0.0133685 0.0209955
1.8100000000e+01 -0.0139903 0.0214594
1.8200000000e+01 -0.0145696 0.0218716
1.8300000000e+01 -0.0151037 0.0222293
1.8400000000e+01 -0.0155903 0.0225301
1.8500000000e+01 -0.0160273 0.022772
1.8600000000e+01 -0.0164127 0.0229531
1.8700000000e+01 -0.016745 0.0230723
1.8800000000e+01 -0.0170229 0.0231285
1.8900000000e+01 -0.0172454 0.0231212
1.9000000000e+01 -0.0174117 0.0230501
1.9100000000e+01 -0.0175215 0.0229156
1.9200000000e+01 -0.0175748 0.0227181
1.9300000000e+01 -0.0175717 0.0224586
1.9400000000e+01 -0.0175127 0.0221385
1.9500000000e+01 -0.0173988 0.0217595
1.9600000000e+01 -0.017231 0.0213235
1.9700000000e+01 -0.0170107 0.0208331
1.9800000000e+01 -0.0167396 0.0202907
1.9900000000e+01 -0.0164198 0.0196996
2.0000000000e+01 -0.0160533 0.0190628
