0.0000000000e+00 0.0000000000e+00
1.0000000000e-01 1.4815421086e-03
2.0000000000e-01 2.9604752466e-03
3.0000000000e-01 4.4341955847e-03
4.0000000000e-01 5.9001095798e-03
5.0000000000e-01 7.3556391285e-03
6.0000000000e-01 8.7982267332e-03
7.0000000000e-01 1.0225340682e-02
8.0000000000e-01 1.1634480247e-02
9.0000000000e-01 1.3023180897e-02
1.0000000000e+00 1.4389019537e-02
1.1000000000e+00 1.5729619751e-02
1.2000000000e+00 1.7042657070e-02
1.3000000000e+00 1.8325864245e-02
1.4000000000e+00 1.9577036519e-02
1.5000000000e+00 2.0794036898e-02
1.6000000000e+00 2.1974801404e-02
1.7000000000e+00 2.3117344300e-02
1.8000000000e+00 2.4219763274e-02
1.9000000000e+00 2.5280244563e-02
2.0000000000e+00 2.6297068007e-02
2.1000000000e+00 2.7268611999e-02
2.2000000000e+00 2.8193358330e-02
2.3000000000e+00 2.9069896883e-02
2.4000000000e+00 2.9896930175e-02
2.5000000000e+00 3.0673277703e-02
2.6000000000e+00 3.1397880077e-02
2.7000000000e+00 3.2069802912e-02
2.8000000000e+00 3.2688240450e-02
2.9000000000e+00 3.3252518876e-02
3.0000000000e+00 3.3762099322e-02
3.1000000000e+00 3.4216580501e-02
3.2000000000e+00 3.4615700964e-02
3.3000000000e+00 3.4959340951e-02
3.4000000000e+00 3.5247523803e-02
3.5000000000e+00 3.5480416908e-02
3.6000000000e+00 3.5658332177e-02
3.7000000000e+00 3.5781726004e-02
3.8000000000e+00 3.5851198710e-02
3.9000000000e+00 3.5867493444e-02
4.0000000000e+00 3.5831494532e-02
4.1000000000e+00 3.5744225268e-02
4.2000000000e+00 3.5606845122e-02
4.3000000000e+00 3.5420646387e-02
4.4000000000e+00 3.5187050238e-02
4.5000000000e+00 3.4907602226e-02
4.6000000000e+00 3.4583967202e-02
4.7000000000e+00 3.4217923686e-02
4.8000000000e+00 3.3811357696e-02
4.9000000000e+00 3.3366256055e-02
5.0000000000e+00 3.2884699190e-02
5.1000000000e+00 3.2368853469e-02
5.2000000000e+00 3.1820963083e-02
5.3000000000e+00 3.1243341520e-02
5.4000000000e+00 3.0638362668e-02
5.5000000000e+00 3.0008451573e-02
5.6000000000e+00 2.9356074925e-02
5.7000000000e+00 2.8683731276e-02
5.8000000000e+00 2.7993941082e-02
5.9000000000e+00 2.7289236585e-02
6.0000000000e+00 2.6572151612e-02
6.1000000000e+00 2.5845211330e-02
6.2000000000e+00 2.5110922018e-02
6.3000000000e+00 2.4371760920e-02
6.4000000000e+00 2.3630166215e-02
6.5000000000e+00 2.2888527190e-02
6.6000000000e+00 2.2149174638e-02
6.7000000000e+00 2.1414371575e-02
6.8000000000e+00 2.0686304291e-02
6.9000000000e+00 1.9967073823e-02
7.0000000000e+00 1.9258687872e-02
7.1000000000e+00 1.8563053232e-02
7.2000000000e+00 1.7881968767e-02
7.3000000000e+00 1.7217118978e-02
7.4000000000e+00 1.6570068205e-02
7.5000000000e+00 1.5942255488e-02
7.6000000000e+00 1.5334990135e-02
7.7000000000e+00 1.4749447996e-02
7.8000000000e+00 1.4186668497e-02
7.9000000000e+00 1.3647552428e-02
8.0000000000e+00 1.3132860497e-02
8.1000000000e+00 1.2643212680e-02
8.2000000000e+00 1.2179088334e-02
8.3000000000e+00 1.1740827099e-02
8.4000000000e+00 1.1328630564e-02
8.5000000000e+00 1.0942564686e-02
8.6000000000e+00 1.0582562951e-02
8.7000000000e+00 1.0248430238e-02
8.8000000000e+00 9.9398473693e-03
8.9000000000e+00 9.6563763091e-03
9.0000000000e+00 9.3974659729e-03
9.1000000000e+00 9.1624586050e-03
9.2000000000e+00 8.9505966791e-03
9.3000000000e+00 8.7610302726e-03
9.4000000000e+00 8.5928248618e-03
9.5000000000e+00 8.4449694828e-03
9.6000000000e+00 8.3163852011e-03
9.7000000000e+00 8.2059338299e-03
9.8000000000e+00 8.1124268373e-03
9.9000000000e+00 8.0346343792e-03
1.0000000000e+01 7.9712943968e-03
1.0100000000e+01 7.9211217157e-03
1.0200000000e+01 7.8828170848e-03
1.0300000000e+01 7.8550760940e-03
1.0400000000e+01 7.8365979113e-03
1.0500000000e+01 7.8260937803e-03
1.0600000000e+01 7.8222952237e-03
1.0700000000e+01 7.8239618992e-03
1.0800000000e+01 7.8298890569e-03
1.0900000000e+01 7.8389145537e-03
1.1000000000e+01 7.8499253791e-03
1.1100000000e+01 7.8618636561e-03
1.1200000000e+01 7.8737320808e-03
1.1300000000e+01 7.8845987718e-03
1.1400000000e+01 7.8936015038e-03
1.1500000000e+01 7.8999513057e-03
1.1600000000e+01 7.9029354070e-03
1.1700000000e+01 7.9019195237e-03
1.1800000000e+01 7.8963494778e-03
1.1900000000e+01 7.8857521523e-03
1.2000000000e+01 7.8697357845e-03
1.2100000000e+01 7.8479896118e-03
1.2200000000e+01 7.8202828825e-03
1.2300000000e+01 7.7864632531e-03
1.2400000000e+01 7.7464545973e-03
1.2500000000e+01 7.7002542555e-03
1.2600000000e+01 7.6479297575e-03
1.2700000000e+01 7.5896150573e-03
1.2800000000e+01 7.5255063178e-03
1.2900000000e+01 7.4558572914e-03
1.3000000000e+01 7.3809743413e-03
1.3100000000e+01 7.3012111522e-03
1.3200000000e+01 7.2169631816e-03
1.3300000000e+01 7.1286619018e-03
1.3400000000e+01 7.0367688876e-03
1.3500000000e+01 6.9417698008e-03
1.3600000000e+01 6.8441683269e-03
1.3700000000e+01 6.7444801152e-03
1.3800000000e+01 6.6432267765e-03
1.3900000000e+01 6.5409299877e-03
1.4000000000e+01 6.4381057541e-03
1.4100000000e+01 6.3352588761e-03
1.4200000000e+01 6.2328776657e-03
1.4300000000e+01 6.1314289542e-03
1.4400000000e+01 6.0313534316e-03
1.4500000000e+01 5.9330613525e-03
1.4600000000e+01 5.8369286405e-03
1.4700000000e+01 5.7432934203e-03
1.4800000000e+01 5.6524530000e-03
1.4900000000e+01 5.5646613253e-03
1.5000000000e+01 5.4801269194e-03
1.5100000000e+01 5.3990113205e-03
1.5200000000e+01 5.3214280228e-03
1.5300000000e+01 5.2474419237e-03
1.5400000000e+01 5.1770692735e-03
1.5500000000e+01 5.1102781213e-03
1.5600000000e+01 5.0469892455e-03
1.5700000000e+01 4.9870775537e-03
1.5800000000e+01 4.9303739312e-03
1.5900000000e+01 4.8766675167e-03
1.6000000000e+01 4.8257083764e-03
1.6100000000e+01 4.7772105473e-03
1.6200000000e+01 4.7308554166e-03
1.6300000000e+01 4.6862954006e-03
1.6400000000e+01 4.6431578856e-03
1.6500000000e+01 4.6010493905e-03
1.6600000000e+01 4.5595599094e-03
1.6700000000e+01 4.5182673911e-03
1.6800000000e+01 4.4767423120e-03
1.6900000000e+01 4.4345522982e-03
1.7000000000e+01 4.3912667531e-03
1.7100000000e+01 4.3464614457e-03
1.7200000000e+01 4.2997230176e-03
1.7300000000e+01 4.2506533671e-03
1.7400000000e+01 4.1988738683e-03
1.7500000000e+01 4.1440293893e-03
1.7600000000e+01 4.0857920712e-03
1.7700000000e+01 4.0238648348e-03
1.7800000000e+01 3.9579845842e-03
1.7900000000e+01 3.8879250793e-03
1.8000000000e+01 3.8134994519e-03
1.8100000000e+01 3.7345623449e-03
1.8200000000e+01 3.6510116563e-03
1.8300000000e+01 3.5627898744e-03
1.8400000000e+01 3.4698849943e-03
1.8500000000e+01 3.3723310088e-03
1.8600000000e+01 3.2702079724e-03
1.8700000000e+01 3.1636416386e-03
1.8800000000e+01 3.0528026779e-03
1.8900000000e+01 2.9379054842e-03
1.9000000000e+01 2.8192065828e-03
1.9100000000e+01 2.6970026573e-03
1.9200000000e+01 2.5716282142e-03
1.9300000000e+01 2.4434529086e-03
1.9400000000e+01 2.3128785570e-03
1.9500000000e+01 2.1803358653e-03
1.9600000000e+01 2.0462809027e-03
1.9700000000e+01 1.9111913558e-03
1.9800000000e+01 1.7755625957e-03
1.9900000000e+01 1.6399035959e-03
2.0000000000e+01 1.5047327368e-03
