0.0000000000e+00 0 0
1.0000000000e-01 0.00141612 0.00159697
2.0000000000e-01 0.00283024 0.00319015
3.0000000000e-01 0.00424039 0.00477577
4.0000000000e-01 0.00564455 0.00635008
5.0000000000e-01 0.00704074 0.00790938
6.0000000000e-01 0.00842697 0.00945006
7.0000000000e-01 0.00980123 0.0109686
8.0000000000e-01 0.0111615 0.0124614
9.0000000000e-01 0.0125058 0.0139253
1.0000000000e+00 0.0138322 0.0153571
1.1000000000e+00 0.0151386 0.0167535
1.2000000000e+00 0.0164229 0.0181118
1.3000000000e+00 0.0176833 0.0194291
1.4000000000e+00 0.0189177 0.020703
1.5000000000e+00 0.0201241 0.0219309
1.6000000000e+00 0.0213005 0.0231107
1.7000000000e+00 0.0224449 0.0242404
1.8000000000e+00 0.0235553 0.0253183
1.9000000000e+00 0.0246296 0.0263429
2.0000000000e+00 0.0256659 0.027313
2.1000000000e+00 0.0266619 0.0282276
2.2000000000e+00 0.0276155 0.0290862
2.3000000000e+00 0.0285244 0.0298888
2.4000000000e+00 0.0293857 0.0306356
2.5000000000e+00 0.0301965 0.0313281
2.6000000000e+00 0.0309524 0.0319687
2.7000000000e+00 0.0316483 0.0325613
2.8000000000e+00 0.0322768 0.033112
2.9000000000e+00 0.0328299 0.0336283
3.0000000000e+00 0.0333013 0.0341158
3.1000000000e+00 0.03369 0.0345755
3.2000000000e+00 0.0340006 0.0350028
3.3000000000e+00 0.0342395 0.0353916
3.4000000000e+00 0.0344129 0.0357364
3.5000000000e+00 0.0345256 0.0360334
3.6000000000e+00 0.0345814 0.0362801
3.7000000000e+00 0.0345832 0.0364749
3.8000000000e+00 0.0345339 0.0366169
3.9000000000e+00 0.0344358 0.0367058
4.0000000000e+00 0.0342913 0.0367413
4.1000000000e+00 0.0341026 0.0367238
4.2000000000e+00 0.0338721 0.0366538
4.3000000000e+00 0.0336018 0.036532
4.4000000000e+00 0.0332941 0.0363593
4.5000000000e+00 0.0329512 0.036137
4.6000000000e+00 0.0325752 0.0358664
4.7000000000e+00 0.0321684 0.0355489
4.8000000000e+00 0.0317329 0.0351863
4.9000000000e+00 0.0312708 0.0347805
5.0000000000e+00 0.0307844 0.0343334
5.1000000000e+00 0.0302755 0.0338474
5.2000000000e+00 0.0297463 0.0333246
5.3000000000e+00 0.0291985 0.0327676
5.4000000000e+00 0.0286343 0.0321791
5.5000000000e+00 0.0280551 0.0315616
5.6000000000e+00 0.0274629 0.0309181
5.7000000000e+00 0.0268592 0.0302516
5.8000000000e+00 0.0262454 0.029565
5.9000000000e+00 0.0256229 0.0288615
6.0000000000e+00 0.0249931 0.0281443
6.1000000000e+00 0.0243571 0.0274167
6.2000000000e+00 0.0237159 0.026682
6.3000000000e+00 0.0230704 0.0259436
6.4000000000e+00 0.0224215 0.0252047
6.5000000000e+00 0.02177 0.0244688
6.6000000000e+00 0.0211165 0.0237389
6.7000000000e+00 0.0204618 0.0230181
6.8000000000e+00 0.0198068 0.0223093
6.9000000000e+00 0.0191525 0.0216149
7.0000000000e+00 0.0185 0.0209371
7.1000000000e+00 0.0178506 0.0202777
7.2000000000e+00 0.0172061 0.019638
7.3000000000e+00 0.0165682 0.0190188
7.4000000000e+00 0.0159389 0.0184209
7.5000000000e+00 0.0153201 0.0178446
7.6000000000e+00 0.014714 0.0172899
7.7000000000e+00 0.0141222 0.0167571
7.8000000000e+00 0.0135465 0.016246
7.9000000000e+00 0.0129885 0.0157566
8.0000000000e+00 0.0124494 0.0152891
8.1000000000e+00 0.0119302 0.0148433
8.2000000000e+00 0.0114316 0.0144193
8.3000000000e+00 0.0109543 0.0140172
8.4000000000e+00 0.0104986 0.0136372
8.5000000000e+00 0.0100645 0.0132792
8.6000000000e+00 0.00965217 0.0129433
8.7000000000e+00 0.00926127 0.0126295
8.8000000000e+00 0.00889155 0.0123378
8.9000000000e+00 0.00854259 0.0120681
9.0000000000e+00 0.00821393 0.01182
9.1000000000e+00 0.00790505 0.0115933
9.2000000000e+00 0.00761541 0.0113875
9.3000000000e+00 0.00734448 0.0112019
9.4000000000e+00 0.00709171 0.0110359
9.5000000000e+00 0.0068566 0.0108886
9.6000000000e+00 0.00663867 0.0107589
9.7000000000e+00 0.00643744 0.0106457
9.8000000000e+00 0.0062525 0.0105478
9.9000000000e+00 0.00608342 0.0104639
1.0000000000e+01 0.00592982 0.0103926
1.0100000000e+01 0.00579131 0.0103324
1.0200000000e+01 0.0056675 0.0102819
1.0300000000e+01 0.005558 0.0102396
1.0400000000e+01 0.00546239 0.010204
1.0500000000e+01 0.00538024 0.0101737
1.0600000000e+01 0.00531107 0.0101472
1.0700000000e+01 0.00525437 0.0101233
1.0800000000e+01 0.00520958 0.0101007
1.0900000000e+01 0.00517608 0.0100781
1.1000000000e+01 0.00515322 0.0100547
1.1100000000e+01 0.00514025 0.0100294
1.1200000000e+01 0.00513638 0.0100014
1.1300000000e+01 0.00514075 0.00997009
1.1400000000e+01 0.00515243 0.00993496
1.1500000000e+01 0.00517039 0.00989564
1.1600000000e+01 0.00519359 0.00985194
1.1700000000e+01 0.00522085 0.00980381
1.1800000000e+01 0.00525097 0.0097514
1.1900000000e+01 0.00528268 0.00969499
1.2000000000e+01 0.00531463 0.00963502
1.2100000000e+01 0.00534545 0.00957207
1.2200000000e+01 0.00537375 0.00950685
1.2300000000e+01 0.00539812 0.00944016
1.2400000000e+01 0.0054172 0.00937286
1.2500000000e+01 0.0054297 0.00930582
1.2600000000e+01 0.00543447 0.00923991
1.2700000000e+01 0.0054305 0.00917586
1.2800000000e+01 0.00541706 0.0091143
1.2900000000e+01 0.00539365 0.00905564
1.3000000000e+01 0.00536011 0.00900005
1.3100000000e+01 0.0053166 0.00894745
1.3200000000e+01 0.00526359 0.00889753
1.3300000000e+01 0.00520181 0.00884972
1.3400000000e+01 0.00513225 0.00880331
1.3500000000e+01 0.00505606 0.00875745
1.3600000000e+01 0.00497446 0.00871125
1.3700000000e+01 0.00488872 0.00866381
1.3800000000e+01 0.00480008 0.00861429
1.3900000000e+01 0.0047097 0.00856197
1.4000000000e+01 0.00461858 0.00850625
1.4100000000e+01 0.00452759 0.00844672
1.4200000000e+01 0.0044374 0.00838317
1.4300000000e+01 0.00434844 0.00831559
1.4400000000e+01 0.00426092 0.00824422
1.4500000000e+01 0.00417479 0.00816953
1.4600000000e+01 0.00408975 0.00809225
1.4700000000e+01 0.00400519 0.00801334
1.4800000000e+01 0.00392027 0.00793402
1.4900000000e+01 0.00383387 0.00785573
1.5000000000e+01 0.00374467 0.0077801
1.5100000000e+01 0.00365117 0.0077089
1.5200000000e+01 0.00355177 0.00764396
1.5300000000e+01 0.00344489 0.00758705
1.5400000000e+01 0.00332902 0.00753984
1.5500000000e+01 0.00320289 0.00750371
1.5600000000e+01 0.00306555 0.0074797
1.5700000000e+01 0.00291642 0.00746842
1.5800000000e+01 0.00275533 0.00747005
1.5900000000e+01 0.00258254 0.0074843
1.6000000000e+01 0.00239867 0.00751047
1.6100000000e+01 0.00220465 0.00754755
1.6200000000e+01 0.00200164 0.00759423
1.6300000000e+01 0.00179099 0.00764903
1.6400000000e+01 0.0015741 0.00771034
1.6500000000e+01 0.00135248 0.00777649
1.6600000000e+01 0.00112758 0.00784576
1.6700000000e+01 0.000900874 0.00791649
1.6800000000e+01 0.000673766 0.00798701
1.6900000000e+01 0.000447599 0.00805574
1.7000000000e+01 0.000223643 0.00812116
1.7100000000e+01 3.08657e-06 0.00818183
1.7200000000e+01 -0.00021297 0.0082364
1.7300000000e+01 -0.000423517 0.00828364
1.7400000000e+01 -0.000627637 0.00832241
1.7500000000e+01 -0.000824507 0.00835168
1.7600000000e+01 -0.0010134 0.00837055
1.7700000000e+01 -0.00119369 0.00837821
1.7800000000e+01 -0.00136483 0.00837401
1.7900000000e+01 -0.0015264 0.00835739
1.8000000000e+01 -0.00167805 0.00832795
1.8100000000e+01 -0.00181953 0.00828539
1.8200000000e+01 -0.00195068 0.00822955
1.8300000000e+01 -0.00207144 0.00816038
1.8400000000e+01 -0.00218184 0.00807799
1.8500000000e+01 -0.00228197 0.00798256
1.8600000000e+01 -0.00237202 0.00787443
1.8700000000e+01 -0.00245224 0.00775403
1.8800000000e+01 -0.00252297 0.0076219
1.8900000000e+01 -0.00258459 0.00747868
1.9000000000e+01 -0.00263755 0.0073251
1.9100000000e+01 -0.00268233 0.00716196
1.9200000000e+01 -0.00271948 0.00699015
1.9300000000e+01 -0.00274954 0.0068106
1.9400000000e+01 -0.0027731 0.0066243
1.9500000000e+01 -0.00279076 0.00643226
1.9600000000e+01 -0.00280309 0.00623553
1.9700000000e+01 -0.00281069 0.00603515
1.9800000000e+01 -0.00281412 0.00583215
1.9900000000e+01 -0.00281388 0.00562755
2.0000000000e+01 -0.00281046 0.00542232
