0.0000000000e+00 0 0
1.0000000000e-01 0.000485855 0.00252724
2.0000000000e-01 0.000974729 0.00504567
3.0000000000e-01 0.00146959 0.00754657
4.0000000000e-01 0.00197336 0.0100213
5.0000000000e-01 0.00248884 0.0124613
6.0000000000e-01 0.00301873 0.0148583
7.0000000000e-01 0.00356554 0.0172042
8.0000000000e-01 0.0041316 0.0194913
9.0000000000e-01 0.00471902 0.0217122
1.0000000000e+00 0.00532964 0.0238596
1.1000000000e+00 0.00596509 0.025927
1.2000000000e+00 0.00662667 0.0279081
1.3000000000e+00 0.00731533 0.0297971
1.4000000000e+00 0.00803184 0.0315888
1.5000000000e+00 0.00877639 0.0332786
1.6000000000e+00 0.00954909 0.0348621
1.7000000000e+00 0.0103497 0.0363357
1.8000000000e+00 0.0111772 0.0376964
1.9000000000e+00 0.0120308 0.0389418
2.0000000000e+00 0.0129088 0.04007
2.1000000000e+00 0.0138097 0.0410797
2.2000000000e+00 0.0147313 0.0419705
2.3000000000e+00 0.0156712 0.042742
2.4000000000e+00 0.0166265 0.0433949
2.5000000000e+00 0.0175944 0.0439302
2.6000000000e+00 0.0185715 0.0443497
2.7000000000e+00 0.0195542 0.0446554
2.8000000000e+00 0.0205387 0.0448501
2.9000000000e+00 0.0215211 0.0449371
3.0000000000e+00 0.0224973 0.0449199
3.1000000000e+00 0.0234627 0.0448029
3.2000000000e+00 0.024413 0.0445904
3.3000000000e+00 0.0253437 0.0442873
3.4000000000e+00 0.0262502 0.0438991
3.5000000000e+00 0.0271276 0.0434314
3.6000000000e+00 0.0279712 0.0428903
3.7000000000e+00 0.0287759 0.0422822
3.8000000000e+00 0.0295364 0.0416144
3.9000000000e+00 0.0302466 0.0408949
4.0000000000e+00 0.0308989 0.0401336
4.1000000000e+00 0.031482 0.0393444
4.2000000000e+00 0.0319737 0.0385521
4.3000000000e+00 0.0323167 0.0378171
4.4000000000e+00 0.0323435 0.0373099
4.5000000000e+00 0.0318647 0.0372235
4.6000000000e+00 0.0311566 0.037285
4.7000000000e+00 0.0307794 0.0369379
4.8000000000e+00 0.0306665 0.0362527
4.9000000000e+00 0.0304526 0.0355987
5.0000000000e+00 0.0299733 0.0351445
5.1000000000e+00 0.0292468 0.0348761
5.2000000000e+00 0.0284073 0.0346636
5.3000000000e+00 0.0275324 0.0344338
5.4000000000e+00 0.026654 0.0341593
5.5000000000e+00 0.0257864 0.0338303
5.6000000000e+00 0.0249375 0.0334436
5.7000000000e+00 0.0241121 0.0329987
5.8000000000e+00 0.0233135 0.0324969
5.9000000000e+00 0.022544 0.0319404
6.0000000000e+00 0.0218052 0.0313322
6.1000000000e+00 0.0210983 0.0306756
6.2000000000e+00 0.0204243 0.0299736
6.3000000000e+00 0.0197852 0.0292288
6.4000000000e+00 0.0191852 0.0284411
6.5000000000e+00 0.0186333 0.0276055
6.6000000000e+00 0.0181393 0.0267161
6.7000000000e+00 0.0177005 0.0257794
6.8000000000e+00 0.0173032 0.0248129
6.9000000000e+00 0.0169359 0.0238315
7.0000000000e+00 0.0165916 0.0228455
7.1000000000e+00 0.0162646 0.0218637
7.2000000000e+00 0.0159484 0.0208957
7.3000000000e+00 0.0156313 0.0199558
7.4000000000e+00 0.0152855 0.0190743
7.5000000000e+00 0.014836 0.0183287
7.6000000000e+00 0.0141898 0.0178141
7.7000000000e+00 0.0134391 0.0174402
7.8000000000e+00 0.0127452 0.0170474
7.9000000000e+00 0.0121939 0.0165513
8.0000000000e+00 0.0117673 0.0159712
8.1000000000e+00 0.0113938 0.0153797
8.2000000000e+00 0.0109974 0.0148535
8.3000000000e+00 0.0105064 0.0144652
8.4000000000e+00 0.00992509 0.0142106
8.5000000000e+00 0.00931226 0.0140314
8.6000000000e+00 0.00870393 0.0138915
8.7000000000e+00 0.0081152 0.0137756
8.8000000000e+00 0.0075528 0.0136766
8.9000000000e+00 0.00702065 0.01359
9.0000000000e+00 0.00652251 0.0135114
9.1000000000e+00 0.00606392 0.0134344
9.2000000000e+00 0.00565414 0.0133488
9.3000000000e+00 0.00530668 0.0132397
9.4000000000e+00 0.0050346 0.013093
9.5000000000e+00 0.00484093 0.0129042
9.6000000000e+00 0.00471639 0.0126811
9.7000000000e+00 0.0046472 0.0124359
9.8000000000e+00 0.00462132 0.012179
9.9000000000e+00 0.0046294 0.0119179
1.0000000000e+01 0.00466366 0.0116587
1.0100000000e+01 0.00471655 0.0114072
1.0200000000e+01 0.00477923 0.0111702
1.0300000000e+01 0.00483929 0.0109583
1.0400000000e+01 0.00487734 0.010789
1.0500000000e+01 0.00486613 0.0106878
1.0600000000e+01 0.00478737 0.0106709
1.0700000000e+01 0.00465601 0.0107216
1.0800000000e+01 0.00450503 0.0108052
1.0900000000e+01 0.00435987 0.0108943
1.1000000000e+01 0.00423555 0.0109724
1.1100000000e+01 0.00414095 0.0110287
1.1200000000e+01 0.00408152 0.0110563
1.1300000000e+01 0.00406044 0.0110504
1.1400000000e+01 0.00407907 0.0110083
1.1500000000e+01 0.00413706 0.010929
1.1600000000e+01 0.00423256 0.010813
1.1700000000e+01 0.00436255 0.0106621
1.1800000000e+01 0.00452314 0.0104792
1.1900000000e+01 0.00470981 0.0102679
1.2000000000e+01 0.00491702 0.0100326
1.2100000000e+01 0.00513371 0.00978381
1.2200000000e+01 0.00526504 0.00961556
1.2300000000e+01 0.00511667 0.00972161
1.2400000000e+01 0.00490585 0.00988421
1.2500000000e+01 0.00468039 0.0100551
1.2600000000e+01 0.00445719 0.0102172
1.2700000000e+01 0.00426768 0.0103387
1.2800000000e+01 0.0041757 0.0103557
1.2900000000e+01 0.00423843 0.0102109
1.3000000000e+01 0.00441765 0.00994251
1.3100000000e+01 0.00464231 0.00962175
1.3200000000e+01 0.00486608 0.00929504
1.3300000000e+01 0.00500775 0.00904377
1.3400000000e+01 0.00482308 0.00911248
1.3500000000e+01 0.00449401 0.00931951
1.3600000000e+01 0.00415431 0.00953141
1.3700000000e+01 0.00382402 0.00972852
1.3800000000e+01 0.00351075 0.00990363
1.3900000000e+01 0.00321959 0.0100521
1.4000000000e+01 0.00295467 0.0101702
1.4100000000e+01 0.00271953 0.0102548
1.4200000000e+01 0.00251715 0.0103034
1.4300000000e+01 0.00234998 0.010314
1.4400000000e+01 0.00221988 0.0102853
1.4500000000e+01 0.002128 0.0102163
1.4600000000e+01 0.00207481 0.0101072
1.4700000000e+01 0.00205983 0.00995869
1.4800000000e+01 0.00208148 0.0097728
1.4900000000e+01 0.00213647 0.00955313
1.5000000000e+01 0.00221891 0.00930587
1.5100000000e+01 0.00231821 0.00904187
1.5200000000e+01 0.00241512 0.00878062
1.5300000000e+01 0.00247482 0.00855712
1.5400000000e+01 0.00244473 0.00842413
1.5500000000e+01 0.00228595 0.00842065
1.5600000000e+01 0.00202701 0.00851823
1.5700000000e+01 0.00174414 0.0086407
1.5800000000e+01 0.00149435 0.00873103
1.5900000000e+01 0.00127311 0.00879373
1.6000000000e+01 0.00101984 0.0088893
1.6100000000e+01 0.000667208 0.00908499
1.6200000000e+01 0.000187287 0.00940859
1.6300000000e+01 -0.000407292 0.00984731
1.6400000000e+01 -0.00108979 0.0103742
1.6500000000e+01 -0.0018362 0.0109652
1.6600000000e+01 -0.0026286 0.0116019
1.6700000000e+01 -0.00345383 0.0122712
1.6800000000e+01 -0.00430186 0.0129626
1.6900000000e+01 -0.00516454 0.0136679
1.7000000000e+01 -0.006035 0.0143798
1.7100000000e+01 -0.00690694 0.0150919
1.7200000000e+01 -0.00777488 0.0157983
1.7300000000e+01 -0.00863364 0.0164938
1.7400000000e+01 -0.00947821 0.017173
1.7500000000e+01 -0.0103038 0.017831
1.7600000000e+01 -0.0111062 0.0184634
1.7700000000e+01 -0.0118809 0.0190655
1.7800000000e+01 -0.0126242 0.0196334
1.7900000000e+01 -0.0133321 0.0201631
1.8000000000e+01 -0.0140011 0.0206511
1.8100000000e+01 -0.014628 0.0210938
1.8200000000e+01 -0.0152096 0.0214884
1.8300000000e+01 -0.0157432 0.0218322
1.8400000000e+01 -0.0162264 0.0221226
1.8500000000e+01 -0.0166569 0.0223575
1.8600000000e+01 -0.017033 0.0225354
1.8700000000e+01 -0.0173529 0.0226547
1.8800000000e+01 -0.0176156 0.0227146
1.8900000000e+01 -0.0178202 0.0227142
1.9000000000e+01 -0.0179658 0.0226534
1.9100000000e+01 -0.0180526 0.0225322
1.9200000000e+01 -0.0180804 0.022351
1.9300000000e+01 -0.0180496 0.0221106
1.9400000000e+01 -0.0179611 0.0218123
1.9500000000e+01 -0.0178159 0.0214575
1.9600000000e+01 -0.0176154 0.0210478
1.9700000000e+01 -0.0173613 0.0205857
1.9800000000e+01 -0.0170554 0.0200734
1.9900000000e+01 -0.0167001 0.0195137
2.0000000000e+01 -0.0162978 0.0189096
