0.0000000000e+00 0 0
1.0000000000e-01 0.000486141 0.00252236
2.0000000000e-01 0.00097526 0.00503598
3.0000000000e-01 0.0014703 0.00753216
4.0000000000e-01 0.00197415 0.0100023
5.0000000000e-01 0.00248959 0.012438
6.0000000000e-01 0.00301927 0.0148309
7.0000000000e-01 0.00356569 0.017173
8.0000000000e-01 0.00413115 0.0194566
9.0000000000e-01 0.00471775 0.0216743
1.0000000000e+00 0.00532735 0.023819
1.1000000000e+00 0.00596153 0.0258841
1.2000000000e+00 0.00662161 0.0278633
1.3000000000e+00 0.00730859 0.0297508
1.4000000000e+00 0.00802316 0.0315414
1.5000000000e+00 0.00876569 0.0332304
1.6000000000e+00 0.0095362 0.0348136
1.7000000000e+00 0.0103344 0.0362873
1.8000000000e+00 0.0111595 0.0376483
1.9000000000e+00 0.0120106 0.0388944
2.0000000000e+00 0.0128863 0.0400235
2.1000000000e+00 0.0137849 0.0410343
2.2000000000e+00 0.0147044 0.0419261
2.3000000000e+00 0.0156423 0.0426989
2.4000000000e+00 0.016596 0.043353
2.5000000000e+00 0.0175625 0.0438895
2.6000000000e+00 0.0185387 0.0443099
2.7000000000e+00 0.019521 0.0446164
2.8000000000e+00 0.0205057 0.0448115
2.9000000000e+00 0.021489 0.0448985
3.0000000000e+00 0.0224668 0.0448808
3.1000000000e+00 0.0234349 0.0447624
3.2000000000e+00 0.0243889 0.0445477
3.3000000000e+00 0.0253246 0.0442415
3.4000000000e+00 0.0262374 0.0438489
3.5000000000e+00 0.027123 0.0433752
3.6000000000e+00 0.0279769 0.0428261
3.7000000000e+00 0.0287947 0.0422074
3.8000000000e+00 0.0295721 0.0415252
3.9000000000e+00 0.0303049 0.0407858
4.0000000000e+00 0.0309889 0.0399957
4.1000000000e+00 0.0316198 0.0391616
4.2000000000e+00 0.0321931 0.0382906
4.3000000000e+00 0.0327035 0.0373912
4.4000000000e+00 0.0331424 0.0364749
4.5000000000e+00 0.0334886 0.0355665
4.6000000000e+00 0.033642 0.0347695
4.7000000000e+00 0.033221 0.0344692
4.8000000000e+00 0.032362 0.034533
4.9000000000e+00 0.0314153 0.0346147
5.0000000000e+00 0.030452 0.0346472
5.1000000000e+00 0.0294905 0.0346164
5.2000000000e+00 0.0285396 0.0345178
5.3000000000e+00 0.0276052 0.03435
5.4000000000e+00 0.0266916 0.034113
5.5000000000e+00 0.0258027 0.0338074
5.6000000000e+00 0.0249416 0.0334346
5.7000000000e+00 0.0241111 0.0329964
5.8000000000e+00 0.0233135 0.0324952
5.9000000000e+00 0.0225505 0.0319335
6.0000000000e+00 0.0218237 0.0313144
6.1000000000e+00 0.0211342 0.0306412
6.2000000000e+00 0.0204825 0.0299176
6.3000000000e+00 0.0198691 0.0291475
6.4000000000e+00 0.0192938 0.0283351
6.5000000000e+00 0.0187564 0.0274849
6.6000000000e+00 0.0182562 0.0266014
6.7000000000e+00 0.017792 0.0256897
6.8000000000e+00 0.0173626 0.0247546
6.9000000000e+00 0.0169661 0.0238013
7.0000000000e+00 0.0166007 0.0228353
7.1000000000e+00 0.0162636 0.0218622
7.2000000000e+00 0.0159519 0.0208881
7.3000000000e+00 0.0156614 0.0199199
7.4000000000e+00 0.0153864 0.0189657
7.5000000000e+00 0.015118 0.018037
7.6000000000e+00 0.0148398 0.0171521
7.7000000000e+00 0.0145198 0.0163452
7.8000000000e+00 0.0141006 0.0156753
7.9000000000e+00 0.0135335 0.0151925
8.0000000000e+00 0.0128486 0.0148682
8.1000000000e+00 0.012114 0.0146351
8.2000000000e+00 0.0113746 0.0144495
8.3000000000e+00 0.0106526 0.0142894
8.4000000000e+00 0.00995977 0.0141437
8.5000000000e+00 0.00930277 0.014006
8.6000000000e+00 0.00868582 0.0138721
8.7000000000e+00 0.00811174 0.0137389
8.8000000000e+00 0.00758243 0.0136043
8.9000000000e+00 0.00709909 0.0134664
9.0000000000e+00 0.00666238 0.013324
9.1000000000e+00 0.0062725 0.013176
9.2000000000e+00 0.00592919 0.0130217
9.3000000000e+00 0.00563182 0.0128604
9.4000000000e+00 0.00537939 0.0126921
9.5000000000e+00 0.00517054 0.0125166
9.6000000000e+00 0.0050036 0.0123341
9.7000000000e+00 0.00487658 0.0121451
9.8000000000e+00 0.00478722 0.0119501
9.9000000000e+00 0.00473296 0.01175
1.0000000000e+01 0.004711 0.0115457
1.0100000000e+01 0.00471828 0.0113386
1.0200000000e+01 0.0047515 0.01113
1.0300000000e+01 0.00480714 0.0109216
1.0400000000e+01 0.00488146 0.0107153
1.0500000000e+01 0.00497047 0.010513
1.0600000000e+01 0.00507 0.0103172
1.0700000000e+01 0.00517565 0.0101303
1.0800000000e+01 0.00528286 0.00995511
1.0900000000e+01 0.00538697 0.00979448
1.1000000000e+01 0.00548336 0.00965131
1.1100000000e+01 0.00556765 0.0095283
1.1200000000e+01 0.00563602 0.00942767
1.1300000000e+01 0.00568558 0.00935076
1.1400000000e+01 0.00571473 0.00929772
1.1500000000e+01 0.00572337 0.00926728
1.1600000000e+01 0.00571286 0.0092568
1.1700000000e+01 0.00568574 0.00926255
1.1800000000e+01 0.00564525 0.00928019
1.1900000000e+01 0.00559491 0.00930521
1.2000000000e+01 0.0055381 0.00933334
1.2100000000e+01 0.00547784 0.00936075
1.2200000000e+01 0.00541668 0.0093842
1.2300000000e+01 0.00535664 0.00940107
1.2400000000e+01 0.00529925 0.00940934
1.2500000000e+01 0.00524559 0.00940751
1.2600000000e+01 0.00519632 0.00939463
1.2700000000e+01 0.00515174 0.00937016
1.2800000000e+01 0.00511185 0.00933398
1.2900000000e+01 0.00507633 0.00928634
1.3000000000e+01 0.00504466 0.00922782
1.3100000000e+01 0.00501603 0.00915927
1.3200000000e+01 0.00498948 0.00908187
1.3300000000e+01 0.00496381 0.00899699
1.3400000000e+01 0.0049377 0.00890626
1.3500000000e+01 0.00490966 0.00881149
1.3600000000e+01 0.00487806 0.00871466
1.3700000000e+01 0.00484124 0.00861784
1.3800000000e+01 0.00479747 0.0085232
1.3900000000e+01 0.00474506 0.00843286
1.4000000000e+01 0.00468245 0.00834886
1.4100000000e+01 0.00460827 0.00827304
1.4200000000e+01 0.00452141 0.008207
1.4300000000e+01 0.00442112 0.00815196
1.4400000000e+01 0.004307 0.00810878
1.4500000000e+01 0.00417903 0.00807795
1.4600000000e+01 0.00403749 0.00805964
1.4700000000e+01 0.00388291 0.00805371
1.4800000000e+01 0.00371599 0.00805986
1.4900000000e+01 0.00353754 0.00807764
1.5000000000e+01 0.00334837 0.00810657
1.5100000000e+01 0.0031493 0.00814611
1.5200000000e+01 0.00294111 0.00819574
1.5300000000e+01 0.00272454 0.00825493
1.5400000000e+01 0.00250027 0.00832316
1.5500000000e+01 0.00226897 0.0083999
1.5600000000e+01 0.00203129 0.00848458
1.5700000000e+01 0.00178787 0.0085766
1.5800000000e+01 0.00153939 0.00867529
1.5900000000e+01 0.00128654 0.00877991
1.6000000000e+01 0.00103008 0.00888964
1.6100000000e+01 0.000770789 0.00900357
1.6200000000e+01 0.000509524 0.00912071
1.6300000000e+01 0.000247183 0.00923997
1.6400000000e+01 -1.52796e-05 0.0093602
1.6500000000e+01 -0.000276866 0.00948015
1.6600000000e+01 -0.000536543 0.00959855
1.6700000000e+01 -0.000793246 0.00971405
1.6800000000e+01 -0.0010459 0.0098253
1.6900000000e+01 -0.00129341 0.00993089
1.7000000000e+01 -0.00153472 0.0100295
1.7100000000e+01 -0.00176877 0.0101197
1.7200000000e+01 -0.00199454 0.0102002
1.7300000000e+01 -0.00221106 0.0102697
1.7400000000e+01 -0.00241742 0.0103271
1.7500000000e+01 -0.00261279 0.0103712
1.7600000000e+01 -0.00279642 0.010401
1.7700000000e+01 -0.00296765 0.0104157
1.7800000000e+01 -0.00312591 0.0104144
1.7900000000e+01 -0.00327078 0.0103966
1.8000000000e+01 -0.00340191 0.0103617
1.8100000000e+01 -0.00351911 0.0103095
1.8200000000e+01 -0.00362231 0.0102397
1.8300000000e+01 -0.00371155 0.0101525
1.8400000000e+01 -0.00378703 0.0100479
1.8500000000e+01 -0.00384907 0.00992641
1.8600000000e+01 -0.0038981 0.00978844
1.8700000000e+01 -0.00393471 0.00963471
1.8800000000e+01 -0.00395958 0.00946606
1.8900000000e+01 -0.00397351 0.00928349
1.9000000000e+01 -0.00397741 0.00908814
1.9100000000e+01 -0.00397227 0.00888127
1.9200000000e+01 -0.00395915 0.00866426
1.9300000000e+01 -0.00393918 0.00843856
1.9400000000e+01 -0.00391351 0.00820571
1.9500000000e+01 -0.00388334 0.00796731
1.9600000000e+01 -0.00384982 0.00772495
1.9700000000e+01 -0.0038141 0.00748022
1.9800000000e+01 -0.00377725 0.00723468
1.9900000000e+01 -0.00374026 0.0069898
2.0000000000e+01 -0.00370399 0.00674695
