0.0000000000e+00 0.0000000000e+00
1.0000000000e-01 1.5042505721e-03
2.0000000000e-01 3.0056190565e-03
3.0000000000e-01 4.5012312802e-03
4.0000000000e-01 5.9882288782e-03
5.0000000000e-01 7.4637771417e-03
6.0000000000e-01 8.9250728014e-03
7.0000000000e-01 1.0369351722e-02
8.0000000000e-01 1.1793896487e-02
9.0000000000e-01 1.3196043853e-02
1.0000000000e+00 1.4573192051e-02
1.1000000000e+00 1.5922807913e-02
1.2000000000e+00 1.7242433804e-02
1.3000000000e+00 1.8529694338e-02
1.4000000000e+00 1.9782302858e-02
1.5000000000e+00 2.0998067662e-02
1.6000000000e+00 2.2174897948e-02
1.7000000000e+00 2.3310809470e-02
1.8000000000e+00 2.4403929879e-02
1.9000000000e+00 2.5452503732e-02
2.0000000000e+00 2.6454897150e-02
2.1000000000e+00 2.7409602119e-02
2.2000000000e+00 2.8315240403e-02
2.3000000000e+00 2.9170567067e-02
2.4000000000e+00 2.9974473587e-02
2.5000000000e+00 3.0725990540e-02
2.6000000000e+00 3.1424289864e-02
2.7000000000e+00 3.2068686669e-02
2.8000000000e+00 3.2658640600e-02
2.9000000000e+00 3.3193756736e-02
3.0000000000e+00 3.3673786024e-02
3.1000000000e+00 3.4098625247e-02
3.2000000000e+00 3.4468316503e-02
3.3000000000e+00 3.4783046226e-02
3.4000000000e+00 3.5043143718e-02
3.5000000000e+00 3.5249079213e-02
3.6000000000e+00 3.5401461468e-02
3.7000000000e+00 3.5501034894e-02
3.8000000000e+00 3.5548676223e-02
3.9000000000e+00 3.5545390737e-02
4.0000000000e+00 3.5492308048e-02
4.1000000000e+00 3.5390677467e-02
4.2000000000e+00 3.5241862960e-02
4.3000000000e+00 3.5047337710e-02
4.4000000000e+00 3.4808678316e-02
4.5000000000e+00 3.4527558627e-02
4.6000000000e+00 3.4205743266e-02
4.7000000000e+00 3.3845080827e-02
4.8000000000e+00 3.3447496818e-02
4.9000000000e+00 3.3014986327e-02
5.0000000000e+00 3.2549606491e-02
5.1000000000e+00 3.2053468750e-02
5.2000000000e+00 3.1528730956e-02
5.3000000000e+00 3.0977589343e-02
5.4000000000e+00 3.0402270408e-02
5.5000000000e+00 2.9805022730e-02
5.6000000000e+00 2.9188108754e-02
5.7000000000e+00 2.8553796593e-02
5.8000000000e+00 2.7904351872e-02
5.9000000000e+00 2.7242029642e-02
6.0000000000e+00 2.6569066419e-02
6.1000000000e+00 2.5887672362e-02
6.2000000000e+00 2.5200023646e-02
6.3000000000e+00 2.4508255037e-02
6.4000000000e+00 2.3814452727e-02
6.5000000000e+00 2.3120647448e-02
6.6000000000e+00 2.2428807895e-02
6.7000000000e+00 2.1740834491e-02
6.8000000000e+00 2.1058553523e-02
6.9000000000e+00 2.0383711661e-02
7.0000000000e+00 1.9717970909e-02
7.1000000000e+00 1.9062903979e-02
7.2000000000e+00 1.8419990133e-02
7.3000000000e+00 1.7790611493e-02
7.4000000000e+00 1.7176049843e-02
7.5000000000e+00 1.6577483929e-02
7.6000000000e+00 1.5995987267e-02
7.7000000000e+00 1.5432526472e-02
7.8000000000e+00 1.4887960098e-02
7.9000000000e+00 1.4363038001e-02
8.0000000000e+00 1.3858401224e-02
8.1000000000e+00 1.3374582387e-02
8.2000000000e+00 1.2912006585e-02
8.3000000000e+00 1.2470992781e-02
8.4000000000e+00 1.2051755679e-02
8.5000000000e+00 1.1654408062e-02
8.6000000000e+00 1.1278963576e-02
8.7000000000e+00 1.0925339939e-02
8.8000000000e+00 1.0593362559e-02
8.9000000000e+00 1.0282768519e-02
9.0000000000e+00 9.9932109197e-03
9.1000000000e+00 9.7242635435e-03
9.2000000000e+00 9.4754258039e-03
9.3000000000e+00 9.2461279574e-03
9.4000000000e+00 9.0357365387e-03
9.5000000000e+00 8.8435599874e-03
9.6000000000e+00 8.6688544289e-03
9.7000000000e+00 8.5108295765e-03
9.8000000000e+00 8.3686547158e-03
9.9000000000e+00 8.2414647377e-03
1.0000000000e+01 8.1283661825e-03
1.0100000000e+01 8.0284432598e-03
1.0200000000e+01 7.9407638095e-03
1.0300000000e+01 7.8643851691e-03
1.0400000000e+01 7.7983599152e-03
1.0500000000e+01 7.7417414457e-03
1.0600000000e+01 7.6935893739e-03
1.0700000000e+01 7.6529747041e-03
1.0800000000e+01 7.6189847632e-03
1.0900000000e+01 7.5907278625e-03
1.1000000000e+01 7.5673376667e-03
1.1100000000e+01 7.5479772504e-03
1.1200000000e+01 7.5318428227e-03
1.1300000000e+01 7.5181671057e-03
1.1400000000e+01 7.5062223521e-03
1.1500000000e+01 7.4953229936e-03
1.1600000000e+01 7.4848279101e-03
1.1700000000e+01 7.4741423159e-03
1.1800000000e+01 7.4627192611e-03
1.1900000000e+01 7.4500607469e-03
1.2000000000e+01 7.4357184594e-03
1.2100000000e+01 7.4192941267e-03
1.2200000000e+01 7.4004395076e-03
1.2300000000e+01 7.3788560231e-03
1.2400000000e+01 7.3542940426e-03
1.2500000000e+01 7.3265518410e-03
1.2600000000e+01 7.2954742436e-03
1.2700000000e+01 7.2609509775e-03
1.2800000000e+01 7.2229147512e-03
1.2900000000e+01 7.1813390848e-03
1.3000000000e+01 7.1362359134e-03
1.3100000000e+01 7.0876529908e-03
1.3200000000e+01 7.0356711184e-03
1.3300000000e+01 6.9804012251e-03
1.3400000000e+01 6.9219813286e-03
1.3500000000e+01 6.8605734019e-03
1.3600000000e+01 6.7963601761e-03
1.3700000000e+01 6.7295419057e-03
1.3800000000e+01 6.6603331233e-03
1.3900000000e+01 6.5889594124e-03
1.4000000000e+01 6.5156542227e-03
1.4100000000e+01 6.4406557543e-03
1.4200000000e+01 6.3642039342e-03
1.4300000000e+01 6.2865375089e-03
1.4400000000e+01 6.2078912737e-03
1.4500000000e+01 6.1284934592e-03
1.4600000000e+01 6.0485632930e-03
1.4700000000e+01 5.9683087527e-03
1.4800000000e+01 5.8879245255e-03
1.4900000000e+01 5.8075901853e-03
1.5000000000e+01 5.7274685994e-03
1.5100000000e+01 5.6477045713e-03
1.5200000000e+01 5.5684237272e-03
1.5300000000e+01 5.4897316481e-03
1.5400000000e+01 5.4117132514e-03
1.5500000000e+01 5.3344324192e-03
1.5600000000e+01 5.2579318721e-03
1.5700000000e+01 5.1822332834e-03
1.5800000000e+01 5.1073376266e-03
1.5900000000e+01 5.0332257476e-03
1.6000000000e+01 4.9598591515e-03
1.6100000000e+01 4.8871809915e-03
1.6200000000e+01 4.8151172459e-03
1.6300000000e+01 4.7435780685e-03
1.6400000000e+01 4.6724592956e-03
1.6500000000e+01 4.6016440916e-03
1.6600000000e+01 4.5310047163e-03
1.6700000000e+01 4.4604043915e-03
1.6800000000e+01 4.3896992506e-03
1.6900000000e+01 4.3187403481e-03
1.7000000000e+01 4.2473757090e-03
1.7100000000e+01 4.1754523987e-03
1.7200000000e+01 4.1028185908e-03
1.7300000000e+01 4.0293256146e-03
1.7400000000e+01 3.9548299609e-03
1.7500000000e+01 3.8791952274e-03
1.7600000000e+01 3.8022939864e-03
1.7700000000e+01 3.7240095556e-03
1.7800000000e+01 3.6442376569e-03
1.7900000000e+01 3.5628879483e-03
1.8000000000e+01 3.4798854136e-03
1.8100000000e+01 3.3951715998e-03
1.8200000000e+01 3.3087056893e-03
1.8300000000e+01 3.2204653990e-03
1.8400000000e+01 3.1304476985e-03
1.8500000000e+01 3.0386693418e-03
1.8600000000e+01 2.9451672075e-03
1.8700000000e+01 2.8499984472e-03
1.8800000000e+01 2.7532404388e-03
1.8900000000e+01 2.6549905493e-03
1.9000000000e+01 2.5553657070e-03
1.9100000000e+01 2.4545017903e-03
1.9200000000e+01 2.3525528372e-03
1.9300000000e+01 2.2496900853e-03
1.9400000000e+01 2.1461008503e-03
1.9500000000e+01 2.0419872543e-03
1.9600000000e+01 1.9375648157e-03
1.9700000000e+01 1.8330609143e-03
1.9800000000e+01 1.7287131440e-03
1.9900000000e+01 1.6247675709e-03
2.0000000000e+01 1.5214769101e-03
