0.0000000000e+00 0.0000000000e+00
1.0000000000e-01 3.2828268268e-03
2.0000000000e-01 6.5610708527e-03
3.0000000000e-01 9.8301568528e-03
4.0000000000e-01 1.3085524766e-02
5.0000000000e-01 1.6322637309e-02
6.0000000000e-01 1.9536987619e-02
7.0000000000e-01 2.2724106951e-02
8.0000000000e-01 2.5879572422e-02
9.0000000000e-01 2.8999014817e-02
1.0000000000e+00 3.2078126457e-02
1.1000000000e+00 3.5112669144e-02
1.2000000000e+00 3.8098482163e-02
1.3000000000e+00 4.1031490350e-02
1.4000000000e+00 4.3907712221e-02
1.5000000000e+00 4.6723268147e-02
1.6000000000e+00 4.9474388565e-02
1.7000000000e+00 5.2157422208e-02
1.8000000000e+00 5.4768844336e-02
1.9000000000e+00 5.7305264942e-02
2.0000000000e+00 5.9763436916e-02
2.1000000000e+00 6.2140264121e-02
2.2000000000e+00 6.4432809363e-02
2.3000000000e+00 6.6638302223e-02
2.4000000000e+00 6.8754146691e-02
2.5000000000e+00 7.0777928584e-02
2.6000000000e+00 7.2707422701e-02
2.7000000000e+00 7.4540599658e-02
2.8000000000e+00 7.6275632377e-02
2.9000000000e+00 7.7910902166e-02
3.0000000000e+00 7.9445004347e-02
3.1000000000e+00 8.0876753403e-02
3.2000000000e+00 8.2205187558e-02
3.3000000000e+00 8.3429572792e-02
3.4000000000e+00 8.4549406203e-02
3.5000000000e+00 8.5564418705e-02
3.6000000000e+00 8.6474577005e-02
3.7000000000e+00 8.7280084820e-02
3.8000000000e+00 8.7981383315e-02
3.9000000000e+00 8.8579150712e-02
4.0000000000e+00 8.9074301055e-02
4.1000000000e+00 8.9467982105e-02
4.2000000000e+00 8.9761572345e-02
4.3000000000e+00 8.9956677090e-02
4.4000000000e+00 9.0055123684e-02
4.5000000000e+00 9.0058955791e-02
4.6000000000e+00 8.9970426781e-02
4.7000000000e+00 8.9791992223e-02
4.8000000000e+00 8.9526301496e-02
4.9000000000e+00 8.9176188553e-02
5.0000000000e+00 8.8744661849e-02
5.1000000000e+00 8.8234893486e-02
5.2000000000e+00 8.7650207606e-02
5.3000000000e+00 8.6994068076e-02
5.4000000000e+00 8.6270065528e-02
5.5000000000e+00 8.5481903806e-02
5.6000000000e+00 8.4633385874e-02
5.7000000000e+00 8.3728399279e-02
5.8000000000e+00 8.2770901205e-02
5.9000000000e+00 8.1764903223e-02
6.0000000000e+00 8.0714455805e-02
6.1000000000e+00 7.9623632681e-02
6.2000000000e+00 7.8496515128e-02
6.3000000000e+00 7.7337176271e-02
6.4000000000e+00 7.6149665497e-02
6.5000000000e+00 7.4937993048e-02
6.6000000000e+00 7.3706114894e-02
6.7000000000e+00 7.2457917975e-02
6.8000000000e+00 7.1197205879e-02
6.9000000000e+00 6.9927685062e-02
7.0000000000e+00 6.8652951667e-02
7.1000000000e+00 6.7376479032e-02
7.2000000000e+00 6.6101605960e-02
7.3000000000e+00 6.4831525799e-02
7.4000000000e+00 6.3569276428e-02
7.5000000000e+00 6.2317731170e-02
7.6000000000e+00 6.1079590707e-02
7.7000000000e+00 5.9857376026e-02
7.8000000000e+00 5.8653422450e-02
7.9000000000e+00 5.7469874760e-02
8.0000000000e+00 5.6308683451e-02
8.1000000000e+00 5.5171602126e-02
8.2000000000e+00 5.4060186042e-02
8.3000000000e+00 5.2975791789e-02
8.4000000000e+00 5.1919578126e-02
8.5000000000e+00 5.0892507913e-02
8.6000000000e+00 4.9895351158e-02
8.7000000000e+00 4.8928689116e-02
8.8000000000e+00 4.7992919407e-02
8.9000000000e+00 4.7088262118e-02
9.0000000000e+00 4.6214766818e-02
9.1000000000e+00 4.5372320441e-02
9.2000000000e+00 4.4560655957e-02
9.3000000000e+00 4.3779361769e-02
9.4000000000e+00 4.3027891763e-02
9.5000000000e+00 4.2305575914e-02
9.6000000000e+00 4.1611631381e-02
9.7000000000e+00 4.0945174002e-02
9.8000000000e+00 4.0305230083e-02
9.9000000000e+00 3.9690748418e-02
1.0000000000e+01 3.9100612417e-02
1.0100000000e+01 3.8533652280e-02
1.0200000000e+01 3.7988657104e-02
1.0300000000e+01 3.7464386843e-02
1.0400000000e+01 3.6959584033e-02
1.0500000000e+01 3.6472985193e-02
1.0600000000e+01 3.6003331821e-02
1.0700000000e+01 3.5549380917e-02
1.0800000000e+01 3.5109914939e-02
1.0900000000e+01 3.4683751149e-02
1.1000000000e+01 3.4269750268e-02
1.1100000000e+01 3.3866824394e-02
1.1200000000e+01 3.3473944127e-02
1.1300000000e+01 3.3090144868e-02
1.1400000000e+01 3.2714532245e-02
1.1500000000e+01 3.2346286655e-02
1.1600000000e+01 3.1984666876e-02
1.1700000000e+01 3.1629012775e-02
1.1800000000e+01 3.1278747067e-02
1.1900000000e+01 3.0933376161e-02
1.2000000000e+01 3.0592490088e-02
1.2100000000e+01 3.0255761538e-02
1.2200000000e+01 2.9922944025e-02
1.2300000000e+01 2.9593869224e-02
1.2400000000e+01 2.9268443515e-02
1.2500000000e+01 2.8946643783e-02
1.2600000000e+01 2.8628512526e-02
1.2700000000e+01 2.8314152334e-02
1.2800000000e+01 2.8003719796e-02
1.2900000000e+01 2.7697418917e-02
1.3000000000e+01 2.7395494095e-02
1.3100000000e+01 2.7098222763e-02
1.3200000000e+01 2.6805907742e-02
1.3300000000e+01 2.6518869413e-02
1.3400000000e+01 2.6237437769e-02
1.3500000000e+01 2.5961944438e-02
1.3600000000e+01 2.5692714761e-02
1.3700000000e+01 2.5430059986e-02
1.3800000000e+01 2.5174269686e-02
1.3900000000e+01 2.4925604452e-02
1.4000000000e+01 2.4684288937e-02
1.4100000000e+01 2.4450505340e-02
1.4200000000e+01 2.4224387364e-02
1.4300000000e+01 2.4006014740e-02
1.4400000000e+01 2.3795408336e-02
1.4500000000e+01 2.3592525941e-02
1.4600000000e+01 2.3397258726e-02
1.4700000000e+01 2.3209428448e-02
1.4800000000e+01 2.3028785411e-02
1.4900000000e+01 2.2855007211e-02
1.5000000000e+01 2.2687698275e-02
1.5100000000e+01 2.2526390211e-02
1.5200000000e+01 2.2370542954e-02
1.5300000000e+01 2.2219546721e-02
1.5400000000e+01 2.2072724733e-02
1.5500000000e+01 2.1929336712e-02
1.5600000000e+01 2.1788583100e-02
1.5700000000e+01 2.1649609972e-02
1.5800000000e+01 2.1511514613e-02
1.5900000000e+01 2.1373351686e-02
1.6000000000e+01 2.1234139962e-02
1.6100000000e+01 2.1092869537e-02
1.6200000000e+01 2.0948509479e-02
1.6300000000e+01 2.0800015841e-02
1.6400000000e+01 2.0646339959e-02
1.6500000000e+01 2.0486436972e-02
1.6600000000e+01 2.0319274486e-02
1.6700000000e+01 2.0143841296e-02
1.6800000000e+01 1.9959156105e-02
1.6900000000e+01 1.9764276143e-02
1.7000000000e+01 1.9558305632e-02
1.7100000000e+01 1.9340403989e-02
1.7200000000e+01 1.9109793730e-02
1.7300000000e+01 1.8865767972e-02
1.7400000000e+01 1.8607697488e-02
1.7500000000e+01 1.8335037229e-02
1.7600000000e+01 1.8047332273e-02
1.7700000000e+01 1.7744223137e-02
1.7800000000e+01 1.7425450396e-02
1.7900000000e+01 1.7090858576e-02
1.8000000000e+01 1.6740399278e-02
1.8100000000e+01 1.6374133498e-02
1.8200000000e+01 1.5992233126e-02
1.8300000000e+01 1.5594981600e-02
1.8400000000e+01 1.5182773705e-02
1.8500000000e+01 1.4756114518e-02
1.8600000000e+01 1.4315617498e-02
1.8700000000e+01 1.3862001730e-02
1.8800000000e+01 1.3396088352e-02
1.8900000000e+01 1.2918796175e-02
1.9000000000e+01 1.2431136536e-02
1.9100000000e+01 1.1934207426e-02
1.9200000000e+01 1.1429186924e-02
1.9300000000e+01 1.0917325996e-02
1.9400000000e+01 1.0399940723e-02
1.9500000000e+01 9.8784039864e-03
1.9600000000e+01 9.3541367188e-03
1.9700000000e+01 8.8285987474e-03
1.9800000000e+01 8.3032793276e-03
1.9900000000e+01 7.7796874290e-03
2.0000000000e+01 7.2593418516e-03
