0.0000000000e+00 0 0
1.0000000000e-01 0.00319029 0.00344706
2.0000000000e-01 0.00637674 0.0068881
3.0000000000e-01 0.00955553 0.0103171
4.0000000000e-01 0.0127228 0.0137281
5.0000000000e-01 0.0158748 0.0171153
6.0000000000e-01 0.0190077 0.0204727
7.0000000000e-01 0.0221176 0.0237946
8.0000000000e-01 0.0252007 0.0270756
9.0000000000e-01 0.0282532 0.03031
1.0000000000e+00 0.0312714 0.0334926
1.1000000000e+00 0.0342515 0.0366183
1.2000000000e+00 0.0371896 0.0396821
1.3000000000e+00 0.0400821 0.0426793
1.4000000000e+00 0.0429252 0.0456054
1.5000000000e+00 0.0457153 0.0484561
1.6000000000e+00 0.0484485 0.0512275
1.7000000000e+00 0.0511213 0.0539158
1.8000000000e+00 0.05373 0.0565176
1.9000000000e+00 0.0562709 0.0590298
2.0000000000e+00 0.0587405 0.0614498
2.1000000000e+00 0.061135 0.063775
2.2000000000e+00 0.0634508 0.0660037
2.3000000000e+00 0.065684 0.0681344
2.4000000000e+00 0.0678308 0.0701661
2.5000000000e+00 0.0698869 0.0720987
2.6000000000e+00 0.0718478 0.0739328
2.7000000000e+00 0.0737084 0.0756698
2.8000000000e+00 0.0754632 0.0773123
2.9000000000e+00 0.0771058 0.0788639
3.0000000000e+00 0.0786298 0.080329
3.1000000000e+00 0.0800292 0.0817117
3.2000000000e+00 0.0813003 0.0830147
3.3000000000e+00 0.0824417 0.0842386
3.4000000000e+00 0.0834552 0.0853812
3.5000000000e+00 0.0843445 0.0864391
3.6000000000e+00 0.0851143 0.0874082
3.7000000000e+00 0.0857692 0.0882853
3.8000000000e+00 0.0863135 0.0890673
3.9000000000e+00 0.0867513 0.0897525
4.0000000000e+00 0.0870863 0.0903395
4.1000000000e+00 0.0873221 0.0908278
4.2000000000e+00 0.087462 0.0912174
4.3000000000e+00 0.0875094 0.0915087
4.4000000000e+00 0.0874676 0.0917026
4.5000000000e+00 0.0873398 0.0918004
4.6000000000e+00 0.0871296 0.0918037
4.7000000000e+00 0.0868401 0.0917143
4.8000000000e+00 0.0864749 0.0915346
4.9000000000e+00 0.0860373 0.091267
5.0000000000e+00 0.0855308 0.0909142
5.1000000000e+00 0.0849589 0.0904794
5.2000000000e+00 0.0843251 0.0899656
5.3000000000e+00 0.0836328 0.0893763
5.4000000000e+00 0.0828856 0.0887152
5.5000000000e+00 0.0820868 0.087986
5.6000000000e+00 0.08124 0.0871927
5.7000000000e+00 0.0803486 0.0863393
5.8000000000e+00 0.0794159 0.0854302
5.9000000000e+00 0.0784453 0.0844695
6.0000000000e+00 0.07744 0.0834617
6.1000000000e+00 0.0764033 0.082411
6.2000000000e+00 0.0753383 0.0813221
6.3000000000e+00 0.0742483 0.0801992
6.4000000000e+00 0.0731361 0.0790468
6.5000000000e+00 0.0720048 0.0778693
6.6000000000e+00 0.0708574 0.0766709
6.7000000000e+00 0.0696965 0.0754558
6.8000000000e+00 0.0685251 0.0742281
6.9000000000e+00 0.0673458 0.0729918
7.0000000000e+00 0.0661612 0.0717506
7.1000000000e+00 0.0649738 0.0705082
7.2000000000e+00 0.0637862 0.069268
7.3000000000e+00 0.0626007 0.0680332
7.4000000000e+00 0.0614194 0.066807
7.5000000000e+00 0.0602447 0.0655922
7.6000000000e+00 0.0590784 0.0643914
7.7000000000e+00 0.0579226 0.0632071
7.8000000000e+00 0.0567789 0.0620417
7.9000000000e+00 0.0556489 0.0608972
8.0000000000e+00 0.054534 0.0597756
8.1000000000e+00 0.0534355 0.0586786
8.2000000000e+00 0.0523546 0.0576077
8.3000000000e+00 0.051292 0.0565645
8.4000000000e+00 0.0502486 0.0555501
8.5000000000e+00 0.049225 0.0545656
8.6000000000e+00 0.0482216 0.0536118
8.7000000000e+00 0.0472387 0.0526894
8.8000000000e+00 0.0462766 0.051799
8.9000000000e+00 0.0453355 0.0509408
9.0000000000e+00 0.0444154 0.0501149
9.1000000000e+00 0.0435163 0.0493211
9.2000000000e+00 0.0426384 0.048559
9.3000000000e+00 0.0417815 0.0478281
9.4000000000e+00 0.0409458 0.0471275
9.5000000000e+00 0.0401311 0.0464563
9.6000000000e+00 0.0393375 0.0458134
9.7000000000e+00 0.038565 0.0451974
9.8000000000e+00 0.0378135 0.0446068
9.9000000000e+00 0.0370832 0.0440401
1.0000000000e+01 0.0363739 0.0434956
1.0100000000e+01 0.0356856 0.0429717
1.0200000000e+01 0.0350184 0.0424665
1.0300000000e+01 0.0343722 0.0419783
1.0400000000e+01 0.0337469 0.0415053
1.0500000000e+01 0.0331425 0.0410457
1.0600000000e+01 0.0325587 0.0405978
1.0700000000e+01 0.0319954 0.04016
1.0800000000e+01 0.0314525 0.0397306
1.0900000000e+01 0.0309297 0.0393083
1.1000000000e+01 0.0304268 0.0388917
1.1100000000e+01 0.0299434 0.0384794
1.1200000000e+01 0.0294792 0.0380705
1.1300000000e+01 0.0290338 0.0376638
1.1400000000e+01 0.0286067 0.0372587
1.1500000000e+01 0.0281976 0.0368544
1.1600000000e+01 0.0278058 0.0364503
1.1700000000e+01 0.0274308 0.0360463
1.1800000000e+01 0.027072 0.035642
1.1900000000e+01 0.0267287 0.0352374
1.2000000000e+01 0.0264003 0.0348328
1.2100000000e+01 0.026086 0.0344283
1.2200000000e+01 0.0257849 0.0340244
1.2300000000e+01 0.0254964 0.0336216
1.2400000000e+01 0.0252196 0.0332208
1.2500000000e+01 0.0249535 0.0328226
1.2600000000e+01 0.0246973 0.032428
1.2700000000e+01 0.0244502 0.032038
1.2800000000e+01 0.0242111 0.0316536
1.2900000000e+01 0.0239793 0.0312758
1.3000000000e+01 0.0237538 0.0309058
1.3100000000e+01 0.0235339 0.0305446
1.3200000000e+01 0.0233188 0.0301933
1.3300000000e+01 0.0231078 0.0298527
1.3400000000e+01 0.0229004 0.0295236
1.3500000000e+01 0.0226961 0.0292069
1.3600000000e+01 0.0224944 0.028903
1.3700000000e+01 0.0222952 0.0286123
1.3800000000e+01 0.0220983 0.0283351
1.3900000000e+01 0.0219037 0.0280714
1.4000000000e+01 0.0217113 0.0278212
1.4100000000e+01 0.0215213 0.0275841
1.4200000000e+01 0.0213338 0.0273599
1.4300000000e+01 0.0211487 0.0271481
1.4400000000e+01 0.0209661 0.0269484
1.4500000000e+01 0.020786 0.0267601
1.4600000000e+01 0.020608 0.0265829
1.4700000000e+01 0.020432 0.0264163
1.4800000000e+01 0.0202572 0.02626
1.4900000000e+01 0.0200831 0.0261135
1.5000000000e+01 0.0199086 0.0259767
1.5100000000e+01 0.0197329 0.0258494
1.5200000000e+01 0.0195546 0.0257315
1.5300000000e+01 0.0193724 0.0256228
1.5400000000e+01 0.019185 0.0255231
1.5500000000e+01 0.0189909 0.0254323
1.5600000000e+01 0.0187886 0.0253501
1.5700000000e+01 0.018577 0.0252761
1.5800000000e+01 0.0183546 0.0252097
1.5900000000e+01 0.0181205 0.0251501
1.6000000000e+01 0.0178736 0.0250964
1.6100000000e+01 0.0176134 0.0250474
1.6200000000e+01 0.0173393 0.0250017
1.6300000000e+01 0.0170509 0.0249577
1.6400000000e+01 0.0167481 0.0249136
1.6500000000e+01 0.0164312 0.0248676
1.6600000000e+01 0.0161001 0.0248178
1.6700000000e+01 0.0157554 0.0247619
1.6800000000e+01 0.0153976 0.024698
1.6900000000e+01 0.0150272 0.0246239
1.7000000000e+01 0.0146449 0.0245375
1.7100000000e+01 0.0142517 0.0244368
1.7200000000e+01 0.0138482 0.0243198
1.7300000000e+01 0.0134354 0.0241846
1.7400000000e+01 0.0130142 0.0240295
1.7500000000e+01 0.0125857 0.0238528
1.7600000000e+01 0.0121508 0.0236531
1.7700000000e+01 0.0117106 0.023429
1.7800000000e+01 0.0112661 0.0231794
1.7900000000e+01 0.0108184 0.0229033
1.8000000000e+01 0.0103685 0.0225999
1.8100000000e+01 0.00991762 0.0222688
1.8200000000e+01 0.00946669 0.0219095
1.8300000000e+01 0.0090168 0.0215218
1.8400000000e+01 0.00856898 0.0211058
1.8500000000e+01 0.00812427 0.0206617
1.8600000000e+01 0.00768366 0.0201901
1.8700000000e+01 0.00724813 0.0196915
1.8800000000e+01 0.00681861 0.0191668
1.8900000000e+01 0.00639602 0.0186171
1.9000000000e+01 0.00598122 0.0180436
1.9100000000e+01 0.00557504 0.0174478
1.9200000000e+01 0.00517825 0.0168311
1.9300000000e+01 0.00479158 0.0161955
1.9400000000e+01 0.00441572 0.0155427
1.9500000000e+01 0.00405128 0.0148748
1.9600000000e+01 0.00369882 0.0141939
1.9700000000e+01 0.00335885 0.0135023
1.9800000000e+01 0.00303181 0.0128023
1.9900000000e+01 0.00271807 0.0120964
2.0000000000e+01 0.00241792 0.011387
