0.0000000000e+00 0.0000000000e+00
1.0000000000e-01 3.3186733253e-03
2.0000000000e-01 6.6324189770e-03
3.0000000000e-01 9.9363198726e-03
4.0000000000e-01 1.3225480098e-02
5.0000000000e-01 1.6495035460e-02
6.0000000000e-01 1.9740163996e-02
7.0000000000e-01 2.2956096431e-02
8.0000000000e-01 2.6138126564e-02
9.0000000000e-01 2.9281621575e-02
1.0000000000e+00 3.2382032221e-02
1.1000000000e+00 3.5434902924e-02
1.2000000000e+00 3.8435881717e-02
1.3000000000e+00 4.1380730031e-02
1.4000000000e+00 4.4265332314e-02
1.5000000000e+00 4.7085705444e-02
1.6000000000e+00 4.9838007918e-02
1.7000000000e+00 5.2518548804e-02
1.8000000000e+00 5.5123796411e-02
1.9000000000e+00 5.7650386666e-02
2.0000000000e+00 6.0095131168e-02
2.1000000000e+00 6.2455024875e-02
2.2000000000e+00 6.4727253423e-02
2.3000000000e+00 6.6909200022e-02
2.4000000000e+00 6.8998451904e-02
2.5000000000e+00 7.0992806313e-02
2.6000000000e+00 7.2890275968e-02
2.7000000000e+00 7.4689094013e-02
2.8000000000e+00 7.6387718384e-02
2.9000000000e+00 7.7984835595e-02
3.0000000000e+00 7.9479363894e-02
3.1000000000e+00 8.0870455779e-02
3.2000000000e+00 8.2157499832e-02
3.3000000000e+00 8.3340121867e-02
3.4000000000e+00 8.4418185351e-02
3.5000000000e+00 8.5391791097e-02
3.6000000000e+00 8.6261276204e-02
3.7000000000e+00 8.7027212232e-02
3.8000000000e+00 8.7690402604e-02
3.9000000000e+00 8.8251879236e-02
4.0000000000e+00 8.8712898372e-02
4.1000000000e+00 8.9074935654e-02
4.2000000000e+00 8.9339680407e-02
4.3000000000e+00 8.9509029166e-02
4.4000000000e+00 8.9585078452e-02
4.5000000000e+00 8.9570116812e-02
4.6000000000e+00 8.9466616156e-02
4.7000000000e+00 8.9277222408e-02
4.8000000000e+00 8.9004745506e-02
4.9000000000e+00 8.8652148790e-02
5.0000000000e+00 8.8222537815e-02
5.1000000000e+00 8.7719148629e-02
5.2000000000e+00 8.7145335572e-02
5.3000000000e+00 8.6504558643e-02
5.4000000000e+00 8.5800370486e-02
5.5000000000e+00 8.5036403065e-02
5.6000000000e+00 8.4216354069e-02
5.7000000000e+00 8.3343973134e-02
5.8000000000e+00 8.2423047931e-02
5.9000000000e+00 8.1457390182e-02
6.0000000000e+00 8.0450821698e-02
6.1000000000e+00 7.9407160481e-02
6.2000000000e+00 7.8330206966e-02
6.3000000000e+00 7.7223730489e-02
6.4000000000e+00 7.6091456027e-02
6.5000000000e+00 7.4937051290e-02
6.6000000000e+00 7.3764114231e-02
6.7000000000e+00 7.2576161036e-02
6.8000000000e+00 7.1376614653e-02
6.9000000000e+00 7.0168793927e-02
7.0000000000e+00 6.8955903389e-02
7.1000000000e+00 6.7741023755e-02
7.2000000000e+00 6.6527103176e-02
7.3000000000e+00 6.5316949301e-02
7.4000000000e+00 6.4113222158e-02
7.5000000000e+00 6.2918427927e-02
7.6000000000e+00 6.1734913595e-02
7.7000000000e+00 6.0564862540e-02
7.8000000000e+00 5.9410291052e-02
7.9000000000e+00 5.8273045795e-02
8.0000000000e+00 5.7154802226e-02
8.1000000000e+00 5.6057063961e-02
8.2000000000e+00 5.4981163078e-02
8.3000000000e+00 5.3928261349e-02
8.4000000000e+00 5.2899352376e-02
8.5000000000e+00 5.1895264606e-02
8.6000000000e+00 5.0916665189e-02
8.7000000000e+00 4.9964064648e-02
8.8000000000e+00 4.9037822312e-02
8.9000000000e+00 4.8138152464e-02
9.0000000000e+00 4.7265131155e-02
9.1000000000e+00 4.6418703627e-02
9.2000000000e+00 4.5598692276e-02
9.3000000000e+00 4.4804805102e-02
9.4000000000e+00 4.4036644570e-02
9.5000000000e+00 4.3293716824e-02
9.6000000000e+00 4.2575441162e-02
9.7000000000e+00 4.1881159726e-02
9.8000000000e+00 4.1210147312e-02
9.9000000000e+00 4.0561621239e-02
1.0000000000e+01 3.9934751197e-02
1.0100000000e+01 3.9328669005e-02
1.0200000000e+01 3.8742478212e-02
1.0300000000e+01 3.8175263461e-02
1.0400000000e+01 3.7626099562e-02
1.0500000000e+01 3.7094060209e-02
1.0600000000e+01 3.6578226271e-02
1.0700000000e+01 3.6077693614e-02
1.0800000000e+01 3.5591580399e-02
1.0900000000e+01 3.5119033809e-02
1.1000000000e+01 3.4659236160e-02
1.1100000000e+01 3.4211410366e-02
1.1200000000e+01 3.3774824733e-02
1.1300000000e+01 3.3348797042e-02
1.1400000000e+01 3.2932697915e-02
1.1500000000e+01 3.2525953459e-02
1.1600000000e+01 3.2128047157e-02
1.1700000000e+01 3.1738521039e-02
1.1800000000e+01 3.1356976118e-02
1.1900000000e+01 3.0983072107e-02
1.2000000000e+01 3.0616526447e-02
1.2100000000e+01 3.0257112662e-02
1.2200000000e+01 2.9904658070e-02
1.2300000000e+01 2.9559040894e-02
1.2400000000e+01 2.9220186807e-02
1.2500000000e+01 2.8888064961e-02
1.2600000000e+01 2.8562683542e-02
1.2700000000e+01 2.8244084918e-02
1.2800000000e+01 2.7932340421e-02
1.2900000000e+01 2.7627544831e-02
1.3000000000e+01 2.7329810621e-02
1.3100000000e+01 2.7039262034e-02
1.3200000000e+01 2.6756029036e-02
1.3300000000e+01 2.6480241234e-02
1.3400000000e+01 2.6212021808e-02
1.3500000000e+01 2.5951481525e-02
1.3600000000e+01 2.5698712901e-02
1.3700000000e+01 2.5453784573e-02
1.3800000000e+01 2.5216735927e-02
1.3900000000e+01 2.4987572061e-02
1.4000000000e+01 2.4766259117e-02
1.4100000000e+01 2.4552720041e-02
1.4200000000e+01 2.4346830812e-02
1.4300000000e+01 2.4148417187e-02
1.4400000000e+01 2.3957251987e-02
1.4500000000e+01 2.3773052971e-02
1.4600000000e+01 2.3595481307e-02
1.4700000000e+01 2.3424140670e-02
1.4800000000e+01 2.3258576978e-02
1.4900000000e+01 2.3098278778e-02
1.5000000000e+01 2.2942678272e-02
1.5100000000e+01 2.2791153000e-02
1.5200000000e+01 2.2643028143e-02
1.5300000000e+01 2.2497579459e-02
1.5400000000e+01 2.2354036810e-02
1.5500000000e+01 2.2211588258e-02
1.5600000000e+01 2.2069384706e-02
1.5700000000e+01 2.1926545030e-02
1.5800000000e+01 2.1782161683e-02
1.5900000000e+01 2.1635306699e-02
1.6000000000e+01 2.1485038068e-02
1.6100000000e+01 2.1330406414e-02
1.6200000000e+01 2.1170461930e-02
1.6300000000e+01 2.1004261499e-02
1.6400000000e+01 2.0830875952e-02
1.6500000000e+01 2.0649397391e-02
1.6600000000e+01 2.0458946517e-02
1.6700000000e+01 2.0258679897e-02
1.6800000000e+01 2.0047797110e-02
1.6900000000e+01 1.9825547705e-02
1.7000000000e+01 1.9591237909e-02
1.7100000000e+01 1.9344237026e-02
1.7200000000e+01 1.9083983474e-02
1.7300000000e+01 1.8809990391e-02
1.7400000000e+01 1.8521850776e-02
1.7500000000e+01 1.8219242106e-02
1.7600000000e+01 1.7901930388e-02
1.7700000000e+01 1.7569773605e-02
1.7800000000e+01 1.7222724524e-02
1.7900000000e+01 1.6860832844e-02
1.8000000000e+01 1.6484246639e-02
1.8100000000e+01 1.6093213106e-02
1.8200000000e+01 1.5688078583e-02
1.8300000000e+01 1.5269287840e-02
1.8400000000e+01 1.4837382649e-02
1.8500000000e+01 1.4392999623e-02
1.8600000000e+01 1.3936867353e-02
1.8700000000e+01 1.3469802844e-02
1.8800000000e+01 1.2992707290e-02
1.8900000000e+01 1.2506561201e-02
1.9000000000e+01 1.2012418925e-02
1.9100000000e+01 1.1511402604e-02
1.9200000000e+01 1.1004695606e-02
1.9300000000e+01 1.0493535475e-02
1.9400000000e+01 9.9792064628e-03
1.9500000000e+01 9.4630316911e-03
1.9600000000e+01 8.9463649975e-03
1.9700000000e+01 8.4305825368e-03
1.9800000000e+01 7.9170741932e-03
1.9900000000e+01 7.4072348704e-03
2.0000000000e+01 6.9024557239e-03
