0.0000000000e+00 0 0
1.0000000000e-01 0.000181642 0.00645947
2.0000000000e-01 0.000374439 0.0128979
3.0000000000e-01 0.00058945 0.0192942
4.0000000000e-01 0.000837548 0.0256279
5.0000000000e-01 0.00112932 0.0318784
6.0000000000e-01 0.001475 0.0380258
7.0000000000e-01 0.00188434 0.0440509
8.0000000000e-01 0.00236658 0.0499349
9.0000000000e-01 0.00293032 0.0556598
1.0000000000e+00 0.00358346 0.0612087
1.1000000000e+00 0.00433318 0.0665655
1.2000000000e+00 0.00518579 0.071715
1.3000000000e+00 0.00614675 0.0766433
1.4000000000e+00 0.00722058 0.0813376
1.5000000000e+00 0.00841083 0.0857865
1.6000000000e+00 0.00972006 0.0899796
1.7000000000e+00 0.0111498 0.0939081
1.8000000000e+00 0.0127005 0.0975643
1.9000000000e+00 0.0143716 0.100942
2.0000000000e+00 0.0161615 0.104037
2.1000000000e+00 0.0180675 0.106845
2.2000000000e+00 0.0200859 0.109366
2.3000000000e+00 0.0222119 0.111597
2.4000000000e+00 0.02444 0.11354
2.5000000000e+00 0.0267633 0.115198
2.6000000000e+00 0.0291746 0.116574
2.7000000000e+00 0.0316653 0.117673
2.8000000000e+00 0.0342264 0.1185
2.9000000000e+00 0.036848 0.119064
3.0000000000e+00 0.0395197 0.119372
3.1000000000e+00 0.0422304 0.119435
3.2000000000e+00 0.0449687 0.119261
3.3000000000e+00 0.0477227 0.118863
3.4000000000e+00 0.0504801 0.118252
3.5000000000e+00 0.0532286 0.117442
3.6000000000e+00 0.0559555 0.116445
3.7000000000e+00 0.0586484 0.115275
3.8000000000e+00 0.0612947 0.113946
3.9000000000e+00 0.063882 0.112474
4.0000000000e+00 0.0663983 0.110872
4.1000000000e+00 0.0688316 0.109155
4.2000000000e+00 0.0711706 0.107339
4.3000000000e+00 0.0734044 0.105438
4.4000000000e+00 0.0755225 0.103466
4.5000000000e+00 0.0775152 0.101438
4.6000000000e+00 0.0793732 0.099369
4.7000000000e+00 0.0810879 0.0972718
4.8000000000e+00 0.0826511 0.0951609
4.9000000000e+00 0.0840539 0.0930507
5.0000000000e+00 0.0852837 0.0909604
5.1000000000e+00 0.086296 0.0889408
5.2000000000e+00 0.0863923 0.0876971
5.3000000000e+00 0.0846222 0.0881866
5.4000000000e+00 0.0826857 0.0887166
5.5000000000e+00 0.0807797 0.0890972
5.6000000000e+00 0.0789287 0.0893114
5.7000000000e+00 0.0771429 0.0893564
5.8000000000e+00 0.0754289 0.0892331
5.9000000000e+00 0.0737917 0.0889443
6.0000000000e+00 0.0722348 0.0884939
6.1000000000e+00 0.0707608 0.087887
6.2000000000e+00 0.0693713 0.0871295
6.3000000000e+00 0.068067 0.0862281
6.4000000000e+00 0.0668477 0.0851905
6.5000000000e+00 0.0657126 0.0840249
6.6000000000e+00 0.0646597 0.0827401
6.7000000000e+00 0.0636868 0.0813456
6.8000000000e+00 0.0627907 0.0798513
6.9000000000e+00 0.0619676 0.0782674
7.0000000000e+00 0.0612131 0.0766047
7.1000000000e+00 0.0605226 0.0748741
7.2000000000e+00 0.0598904 0.0730868
7.3000000000e+00 0.0593109 0.0712543
7.4000000000e+00 0.0587775 0.0693882
7.5000000000e+00 0.0582831 0.0675007
7.6000000000e+00 0.0578195 0.0656046
7.7000000000e+00 0.0573763 0.0637145
7.8000000000e+00 0.0569383 0.0618498
7.9000000000e+00 0.0564763 0.0600431
8.0000000000e+00 0.0559152 0.058373
8.1000000000e+00 0.0550529 0.0570445
8.2000000000e+00 0.0537283 0.0562214
8.3000000000e+00 0.0521658 0.0556814
8.4000000000e+00 0.050559 0.0552331
8.5000000000e+00 0.048976 0.0548099
8.6000000000e+00 0.047443 0.0543869
8.7000000000e+00 0.0459734 0.0539519
8.8000000000e+00 0.0445749 0.0534977
8.9000000000e+00 0.043253 0.0530193
9.0000000000e+00 0.0420112 0.0525134
9.1000000000e+00 0.040852 0.0519775
9.2000000000e+00 0.0397765 0.0514099
9.3000000000e+00 0.0387853 0.0508096
9.4000000000e+00 0.0378777 0.0501766
9.5000000000e+00 0.0370524 0.0495111
9.6000000000e+00 0.0363072 0.0488142
9.7000000000e+00 0.0356392 0.0480876
9.8000000000e+00 0.0350447 0.0473336
9.9000000000e+00 0.0345191 0.0465552
1.0000000000e+01 0.0340572 0.045756
1.0100000000e+01 0.033653 0.0449404
1.0200000000e+01 0.0332997 0.0441134
1.0300000000e+01 0.0329893 0.0432811
1.0400000000e+01 0.0327133 0.0424504
1.0500000000e+01 0.0324617 0.0416293
1.0600000000e+01 0.0322236 0.0408272
1.0700000000e+01 0.0319866 0.0400544
1.0800000000e+01 0.0317377 0.0393225
1.0900000000e+01 0.0314631 0.0386435
1.1000000000e+01 0.0311502 0.0380283
1.1100000000e+01 0.0307892 0.0374854
1.1200000000e+01 0.0303753 0.0370181
1.1300000000e+01 0.0299097 0.0366239
1.1400000000e+01 0.0293996 0.0362943
1.1500000000e+01 0.0288562 0.0360171
1.1600000000e+01 0.0282922 0.0357786
1.1700000000e+01 0.0277204 0.035565
1.1800000000e+01 0.0271521 0.0353643
1.1900000000e+01 0.0265969 0.0351663
1.2000000000e+01 0.0260628 0.0349623
1.2100000000e+01 0.0255561 0.0347457
1.2200000000e+01 0.0250818 0.0345112
1.2300000000e+01 0.0246437 0.0342546
1.2400000000e+01 0.0242446 0.0339732
1.2500000000e+01 0.0238863 0.0336649
1.2600000000e+01 0.02357 0.0333286
1.2700000000e+01 0.0232962 0.032964
1.2800000000e+01 0.0230646 0.0325714
1.2900000000e+01 0.0228745 0.0321518
1.3000000000e+01 0.0227244 0.0317067
1.3100000000e+01 0.0226126 0.0312384
1.3200000000e+01 0.0225365 0.0307494
1.3300000000e+01 0.0224931 0.030243
1.3400000000e+01 0.0224788 0.0297232
1.3500000000e+01 0.0224893 0.0291944
1.3600000000e+01 0.0225192 0.0286621
1.3700000000e+01 0.0225622 0.0281329
1.3800000000e+01 0.0226101 0.0276149
1.3900000000e+01 0.0226525 0.0271186
1.4000000000e+01 0.0226755 0.0266577
1.4100000000e+01 0.0226618 0.0262494
1.4200000000e+01 0.0225915 0.0259133
1.4300000000e+01 0.0224479 0.0256658
1.4400000000e+01 0.0222254 0.0255119
1.4500000000e+01 0.0219334 0.0254417
1.4600000000e+01 0.0215912 0.0254352
1.4700000000e+01 0.0212187 0.0254717
1.4800000000e+01 0.0208324 0.0255338
1.4900000000e+01 0.020444 0.0256087
1.5000000000e+01 0.0200615 0.0256873
1.5100000000e+01 0.01969 0.0257632
1.5200000000e+01 0.0193326 0.0258319
1.5300000000e+01 0.0189909 0.0258905
1.5400000000e+01 0.0186652 0.025937
1.5500000000e+01 0.018355 0.0259705
1.5600000000e+01 0.0180587 0.0259906
1.5700000000e+01 0.0177742 0.0259977
1.5800000000e+01 0.0174989 0.0259927
1.5900000000e+01 0.0172295 0.025977
1.6000000000e+01 0.0169624 0.0259523
1.6100000000e+01 0.0166937 0.0259204
1.6200000000e+01 0.0164197 0.0258835
1.6300000000e+01 0.0161365 0.0258434
1.6400000000e+01 0.0158405 0.0258017
1.6500000000e+01 0.0155285 0.0257599
1.6600000000e+01 0.0151981 0.0257188
1.6700000000e+01 0.0148472 0.0256786
1.6800000000e+01 0.0144747 0.0256388
1.6900000000e+01 0.0140801 0.0255984
1.7000000000e+01 0.0136639 0.0255557
1.7100000000e+01 0.0132268 0.0255084
1.7200000000e+01 0.0127706 0.0254537
1.7300000000e+01 0.0122973 0.0253888
1.7400000000e+01 0.0118093 0.0253102
1.7500000000e+01 0.0113093 0.0252147
1.7600000000e+01 0.0108001 0.0250989
1.7700000000e+01 0.0102848 0.0249595
1.7800000000e+01 0.00976639 0.0247934
1.7900000000e+01 0.00924773 0.0245977
1.8000000000e+01 0.00873172 0.0243698
1.8100000000e+01 0.00822108 0.0241075
1.8200000000e+01 0.00771837 0.0238089
1.8300000000e+01 0.00722593 0.0234724
1.8400000000e+01 0.00674592 0.0230971
1.8500000000e+01 0.00628022 0.0226822
1.8600000000e+01 0.00583049 0.0222275
1.8700000000e+01 0.00539812 0.0217333
1.8800000000e+01 0.00498421 0.0212001
1.8900000000e+01 0.00458961 0.0206291
1.9000000000e+01 0.00421488 0.0200218
1.9100000000e+01 0.00386028 0.0193801
1.9200000000e+01 0.00352581 0.0187064
1.9300000000e+01 0.00321117 0.0180035
1.9400000000e+01 0.00291578 0.0172743
1.9500000000e+01 0.00263878 0.0165225
1.9600000000e+01 0.00237904 0.0157518
1.9700000000e+01 0.00213513 0.0149664
1.9800000000e+01 0.00190536 0.0141708
1.9900000000e+01 0.00168777 0.0133696
2.0000000000e+01 0.00148011 0.0125679
