0.0000000000e+00 0 0
1.0000000000e-01 0.00318516 0.00338049
2.0000000000e-01 0.00636637 0.00675577
3.0000000000e-01 0.00953966 0.0101207
4.0000000000e-01 0.0127011 0.01347
5.0000000000e-01 0.0158466 0.0167987
6.0000000000e-01 0.0189722 0.0201017
7.0000000000e-01 0.0220739 0.0233743
8.0000000000e-01 0.0251476 0.0266116
9.0000000000e-01 0.0281891 0.029809
1.0000000000e+00 0.0311943 0.032962
1.1000000000e+00 0.0341589 0.0360664
1.2000000000e+00 0.0370787 0.0391182
1.3000000000e+00 0.0399495 0.0421135
1.4000000000e+00 0.0427668 0.0450486
1.5000000000e+00 0.0455263 0.0479202
1.6000000000e+00 0.0482237 0.0507251
1.7000000000e+00 0.0508546 0.0534603
1.8000000000e+00 0.0534147 0.056123
1.9000000000e+00 0.0558997 0.0587108
2.0000000000e+00 0.0583056 0.0612212
2.1000000000e+00 0.0606286 0.063652
2.2000000000e+00 0.0628648 0.0660008
2.3000000000e+00 0.0650109 0.0682657
2.4000000000e+00 0.0670638 0.0704445
2.5000000000e+00 0.0690209 0.072535
2.6000000000e+00 0.0708797 0.0745352
2.7000000000e+00 0.0726383 0.0764429
2.8000000000e+00 0.0742953 0.078256
2.9000000000e+00 0.0758494 0.0799724
3.0000000000e+00 0.0772999 0.0815902
3.1000000000e+00 0.0786463 0.0831072
3.2000000000e+00 0.0798886 0.0845218
3.3000000000e+00 0.0810271 0.0858321
3.4000000000e+00 0.0820621 0.0870367
3.5000000000e+00 0.0829946 0.0881342
3.6000000000e+00 0.0838255 0.0891237
3.7000000000e+00 0.0845561 0.0900041
3.8000000000e+00 0.0851878 0.090775
3.9000000000e+00 0.0857222 0.0914361
4.0000000000e+00 0.0861613 0.0919873
4.1000000000e+00 0.086507 0.092429
4.2000000000e+00 0.0867613 0.0927618
4.3000000000e+00 0.0869267 0.0929867
4.4000000000e+00 0.0870053 0.0931049
4.5000000000e+00 0.0869999 0.0931181
4.6000000000e+00 0.0869128 0.0930281
4.7000000000e+00 0.0867468 0.0928372
4.8000000000e+00 0.0865047 0.0925479
4.9000000000e+00 0.0861891 0.0921633
5.0000000000e+00 0.0858029 0.0916864
5.1000000000e+00 0.085349 0.0911208
5.2000000000e+00 0.0848301 0.0904703
5.3000000000e+00 0.0842492 0.089739
5.4000000000e+00 0.083609 0.0889312
5.5000000000e+00 0.0829122 0.0880516
5.6000000000e+00 0.0821617 0.0871051
5.7000000000e+00 0.08136 0.0860968
5.8000000000e+00 0.0805096 0.0850322
5.9000000000e+00 0.079613 0.0839168
6.0000000000e+00 0.0786724 0.0827565
6.1000000000e+00 0.0776899 0.0815573
6.2000000000e+00 0.0766676 0.0803255
6.3000000000e+00 0.0756072 0.0790672
6.4000000000e+00 0.0745105 0.0777888
6.5000000000e+00 0.0733794 0.0764966
6.6000000000e+00 0.0722158 0.0751964
6.7000000000e+00 0.0710222 0.0738937
6.8000000000e+00 0.0698014 0.072593
6.9000000000e+00 0.0685574 0.071298
7.0000000000e+00 0.0672945 0.0700114
7.1000000000e+00 0.0660181 0.0687348
7.2000000000e+00 0.0647338 0.0674694
7.3000000000e+00 0.0634475 0.0662155
7.4000000000e+00 0.062165 0.0649736
7.5000000000e+00 0.0608916 0.0637438
7.6000000000e+00 0.0596324 0.0625268
7.7000000000e+00 0.0583917 0.0613231
7.8000000000e+00 0.0571732 0.0601337
7.9000000000e+00 0.05598 0.0589598
8.0000000000e+00 0.0548146 0.0578028
8.1000000000e+00 0.0536787 0.0566645
8.2000000000e+00 0.0525734 0.055547
8.3000000000e+00 0.0514991 0.0544525
8.4000000000e+00 0.0504554 0.0533838
8.5000000000e+00 0.0494413 0.0523438
8.6000000000e+00 0.048455 0.0513357
8.7000000000e+00 0.0474943 0.0503631
8.8000000000e+00 0.0465564 0.0494295
8.9000000000e+00 0.0456385 0.0485381
9.0000000000e+00 0.0447379 0.0476917
9.1000000000e+00 0.0438525 0.0468922
9.2000000000e+00 0.0429809 0.0461404
9.3000000000e+00 0.0421227 0.045436
9.4000000000e+00 0.0412784 0.0447774
9.5000000000e+00 0.0404489 0.0441623
9.6000000000e+00 0.0396357 0.0435876
9.7000000000e+00 0.0388404 0.0430499
9.8000000000e+00 0.0380648 0.0425457
9.9000000000e+00 0.0373104 0.0420711
1.0000000000e+01 0.0365788 0.0416225
1.0100000000e+01 0.0358711 0.0411962
1.0200000000e+01 0.0351886 0.0407887
1.0300000000e+01 0.0345323 0.0403965
1.0400000000e+01 0.0339029 0.0400163
1.0500000000e+01 0.0333011 0.0396449
1.0600000000e+01 0.0327274 0.0392793
1.0700000000e+01 0.0321822 0.0389166
1.0800000000e+01 0.0316657 0.0385541
1.0900000000e+01 0.0311781 0.0381895
1.1000000000e+01 0.0307192 0.0378203
1.1100000000e+01 0.0302891 0.0374446
1.1200000000e+01 0.0298874 0.0370605
1.1300000000e+01 0.0295136 0.0366666
1.1400000000e+01 0.0291674 0.0362617
1.1500000000e+01 0.028848 0.0358446
1.1600000000e+01 0.0285546 0.0354148
1.1700000000e+01 0.0282862 0.0349718
1.1800000000e+01 0.0280417 0.0345158
1.1900000000e+01 0.0278198 0.034047
1.2000000000e+01 0.0276189 0.0335661
1.2100000000e+01 0.0274372 0.0330743
1.2200000000e+01 0.0272728 0.0325731
1.2300000000e+01 0.027123 0.0320647
1.2400000000e+01 0.0269849 0.031552
1.2500000000e+01 0.0268547 0.0310385
1.2600000000e+01 0.0267278 0.0305292
1.2700000000e+01 0.026598 0.0300303
1.2800000000e+01 0.0264571 0.0295503
1.2900000000e+01 0.0262948 0.0291
1.3000000000e+01 0.0260989 0.0286921
1.3100000000e+01 0.0258574 0.028339
1.3200000000e+01 0.0255638 0.0280481
1.3300000000e+01 0.02522 0.0278177
1.3400000000e+01 0.0248366 0.0276382
1.3500000000e+01 0.0244275 0.0274964
1.3600000000e+01 0.0240061 0.0273793
1.3700000000e+01 0.0235833 0.0272768
1.3800000000e+01 0.0231678 0.0271807
1.3900000000e+01 0.0227663 0.0270849
1.4000000000e+01 0.0223839 0.0269847
1.4100000000e+01 0.0220249 0.0268761
1.4200000000e+01 0.0216926 0.0267561
1.4300000000e+01 0.0213898 0.0266222
1.4400000000e+01 0.0211186 0.0264722
1.4500000000e+01 0.0208805 0.0263045
1.4600000000e+01 0.0206766 0.0261179
1.4700000000e+01 0.0205072 0.0259116
1.4800000000e+01 0.0203719 0.0256856
1.4900000000e+01 0.0202694 0.0254406
1.5000000000e+01 0.0201971 0.0251783
1.5100000000e+01 0.0201508 0.024902
1.5200000000e+01 0.0201239 0.0246171
1.5300000000e+01 0.0201066 0.0243325
1.5400000000e+01 0.0200842 0.0240613
1.5500000000e+01 0.0200364 0.0238223
1.5600000000e+01 0.019938 0.0236392
1.5700000000e+01 0.0197635 0.0235357
1.5800000000e+01 0.0194955 0.0235275
1.5900000000e+01 0.0191307 0.023616
1.6000000000e+01 0.0186773 0.0237909
1.6100000000e+01 0.0181484 0.0240374
1.6200000000e+01 0.0175565 0.0243405
1.6300000000e+01 0.0169122 0.0246878
1.6400000000e+01 0.0162236 0.0250691
1.6500000000e+01 0.015497 0.0254759
1.6600000000e+01 0.0147376 0.0259009
1.6700000000e+01 0.0139498 0.0263379
1.6800000000e+01 0.0131374 0.0267809
1.6900000000e+01 0.0123039 0.0272246
1.7000000000e+01 0.0114528 0.0276639
1.7100000000e+01 0.0105871 0.0280937
1.7200000000e+01 0.00971023 0.0285094
1.7300000000e+01 0.00882518 0.0289064
1.7400000000e+01 0.00793513 0.0292803
1.7500000000e+01 0.00704321 0.0296269
1.7600000000e+01 0.00615253 0.0299421
1.7700000000e+01 0.00526621 0.0302222
1.7800000000e+01 0.00438731 0.0304636
1.7900000000e+01 0.00351891 0.0306628
1.8000000000e+01 0.00266401 0.0308168
1.8100000000e+01 0.00182558 0.0309227
1.8200000000e+01 0.00100648 0.030978
1.8300000000e+01 0.000209542 0.0309804
1.8400000000e+01 -0.000562548 0.0309281
1.8500000000e+01 -0.00130719 0.0308194
1.8600000000e+01 -0.00202193 0.0306532
1.8700000000e+01 -0.00270444 0.0304284
1.8800000000e+01 -0.00335254 0.0301447
1.8900000000e+01 -0.00396424 0.0298018
1.9000000000e+01 -0.00453771 0.0294
1.9100000000e+01 -0.0050713 0.0289397
1.9200000000e+01 -0.00556358 0.028422
1.9300000000e+01 -0.00601331 0.027848
1.9400000000e+01 -0.00641947 0.0272194
1.9500000000e+01 -0.00678125 0.0265381
1.9600000000e+01 -0.00709807 0.0258063
1.9700000000e+01 -0.00736958 0.0250268
1.9800000000e+01 -0.00759564 0.0242022
1.9900000000e+01 -0.00777637 0.0233357
2.0000000000e+01 -0.00791209 0.0224308
