0.0000000000e+00 0.0000000000e+00
1.0000000000e-01 3.3205567561e-03
2.0000000000e-01 6.6361556454e-03
3.0000000000e-01 9.9418496656e-03
4.0000000000e-01 1.3232713527e-02
5.0000000000e-01 1.6503854472e-02
6.0000000000e-01 1.9750423043e-02
7.0000000000e-01 2.2967623788e-02
8.0000000000e-01 2.6150725892e-02
9.0000000000e-01 2.9295073695e-02
1.0000000000e+00 3.2396097114e-02
1.1000000000e+00 3.5449321909e-02
1.2000000000e+00 3.8450379805e-02
1.3000000000e+00 4.1395018437e-02
1.4000000000e+00 4.4279111093e-02
1.5000000000e+00 4.7098666229e-02
1.6000000000e+00 4.9849836756e-02
1.7000000000e+00 5.2528929034e-02
1.8000000000e+00 5.5132411586e-02
1.9000000000e+00 5.7656923478e-02
2.0000000000e+00 6.0099282351e-02
2.1000000000e+00 6.2456492077e-02
2.2000000000e+00 6.4725749997e-02
2.3000000000e+00 6.6904453726e-02
2.4000000000e+00 6.8990207496e-02
2.5000000000e+00 7.0980827990e-02
2.6000000000e+00 7.2874349661e-02
2.7000000000e+00 7.4669029490e-02
2.8000000000e+00 7.6363351160e-02
2.9000000000e+00 7.7956028627e-02
3.0000000000e+00 7.9446009048e-02
3.1000000000e+00 8.0832475047e-02
3.2000000000e+00 8.2114846307e-02
3.3000000000e+00 8.3292780446e-02
3.4000000000e+00 8.4366173178e-02
3.5000000000e+00 8.5335157731e-02
3.6000000000e+00 8.6200103514e-02
3.7000000000e+00 8.6961614023e-02
3.8000000000e+00 8.7620523971e-02
3.9000000000e+00 8.8177895653e-02
4.0000000000e+00 8.8635014532e-02
4.1000000000e+00 8.8993384057e-02
4.2000000000e+00 8.9254719715e-02
4.3000000000e+00 8.9420942343e-02
4.4000000000e+00 8.9494170693e-02
4.5000000000e+00 8.9476713293e-02
4.6000000000e+00 8.9371059610e-02
4.7000000000e+00 8.9179870557e-02
4.8000000000e+00 8.8905968369e-02
4.9000000000e+00 8.8552325885e-02
5.0000000000e+00 8.8122055286e-02
5.1000000000e+00 8.7618396313e-02
5.2000000000e+00 8.7044704040e-02
5.3000000000e+00 8.6404436229e-02
5.4000000000e+00 8.5701140341e-02
5.5000000000e+00 8.4938440247e-02
5.6000000000e+00 8.4120022707e-02
5.7000000000e+00 8.3249623674e-02
5.8000000000e+00 8.2331014497e-02
5.9000000000e+00 8.1367988072e-02
6.0000000000e+00 8.0364345033e-02
6.1000000000e+00 7.9323880018e-02
6.2000000000e+00 7.8250368115e-02
6.3000000000e+00 7.7147551519e-02
6.4000000000e+00 7.6019126499e-02
6.5000000000e+00 7.4868730717e-02
6.6000000000e+00 7.3699930978e-02
6.7000000000e+00 7.2516211465e-02
6.8000000000e+00 7.1320962522e-02
6.9000000000e+00 7.0117470045e-02
7.0000000000e+00 6.8908905527e-02
7.1000000000e+00 6.7698316810e-02
7.2000000000e+00 6.6488619598e-02
7.3000000000e+00 6.5282589752e-02
7.4000000000e+00 6.4082856426e-02
7.5000000000e+00 6.2891896060e-02
7.6000000000e+00 6.1712027262e-02
7.7000000000e+00 6.0545406596e-02
7.8000000000e+00 5.9394025295e-02
7.9000000000e+00 5.8259706904e-02
8.0000000000e+00 5.7144105855e-02
8.1000000000e+00 5.6048706972e-02
8.2000000000e+00 5.4974825903e-02
8.3000000000e+00 5.3923610449e-02
8.4000000000e+00 5.2896042779e-02
8.5000000000e+00 5.1892942509e-02
8.6000000000e+00 5.0914970598e-02
8.7000000000e+00 4.9962634031e-02
8.8000000000e+00 4.9036291248e-02
8.9000000000e+00 4.8136158272e-02
9.0000000000e+00 4.7262315469e-02
9.1000000000e+00 4.6414714907e-02
9.2000000000e+00 4.5593188237e-02
9.3000000000e+00 4.4797455035e-02
9.4000000000e+00 4.4027131547e-02
9.5000000000e+00 4.3281739761e-02
9.6000000000e+00 4.2560716739e-02
9.7000000000e+00 4.1863424138e-02
9.8000000000e+00 4.1189157852e-02
9.9000000000e+00 4.0537157689e-02
1.0000000000e+01 3.9906617039e-02
1.0100000000e+01 3.9296692424e-02
1.0200000000e+01 3.8706512906e-02
1.0300000000e+01 3.8135189243e-02
1.0400000000e+01 3.7581822764e-02
1.0500000000e+01 3.7045513873e-02
1.0600000000e+01 3.6525370152e-02
1.0700000000e+01 3.6020513983e-02
1.0800000000e+01 3.5530089657e-02
1.0900000000e+01 3.5053269922e-02
1.1000000000e+01 3.4589261923e-02
1.1100000000e+01 3.4137312512e-02
1.1200000000e+01 3.3696712882e-02
1.1300000000e+01 3.3266802524e-02
1.1400000000e+01 3.2846972471e-02
1.1500000000e+01 3.2436667827e-02
1.1600000000e+01 3.2035389578e-02
1.1700000000e+01 3.1642695679e-02
1.1800000000e+01 3.1258201432e-02
1.1900000000e+01 3.0881579159e-02
1.2000000000e+01 3.0512557205e-02
1.2100000000e+01 3.0150918276e-02
1.2200000000e+01 2.9796497161e-02
1.2300000000e+01 2.9449177855e-02
1.2400000000e+01 2.9108890145e-02
1.2500000000e+01 2.8775605678e-02
1.2600000000e+01 2.8449333586e-02
1.2700000000e+01 2.8130115698e-02
1.2800000000e+01 2.7818021411e-02
1.2900000000e+01 2.7513142264e-02
1.3000000000e+01 2.7215586285e-02
1.3100000000e+01 2.6925472176e-02
1.3200000000e+01 2.6642923382e-02
1.3300000000e+01 2.6368062125e-02
1.3400000000e+01 2.6101003460e-02
1.3500000000e+01 2.5841849408e-02
1.3600000000e+01 2.5590683248e-02
1.3700000000e+01 2.5347564000e-02
1.3800000000e+01 2.5112521182e-02
1.3900000000e+01 2.4885549883e-02
1.4000000000e+01 2.4666606206e-02
1.4100000000e+01 2.4455603132e-02
1.4200000000e+01 2.4252406843e-02
1.4300000000e+01 2.4056833557e-02
1.4400000000e+01 2.3868646893e-02
1.4500000000e+01 2.3687555811e-02
1.4600000000e+01 2.3513213143e-02
1.4700000000e+01 2.3345214739e-02
1.4800000000e+01 2.3183099238e-02
1.4900000000e+01 2.3026348476e-02
1.5000000000e+01 2.2874388530e-02
1.5100000000e+01 2.2726591395e-02
1.5200000000e+01 2.2582277285e-02
1.5300000000e+01 2.2440717541e-02
1.5400000000e+01 2.2301138130e-02
1.5500000000e+01 2.2162723699e-02
1.5600000000e+01 2.2024622162e-02
1.5700000000e+01 2.1885949781e-02
1.5800000000e+01 2.1745796693e-02
1.5900000000e+01 2.1603232848e-02
1.6000000000e+01 2.1457314301e-02
1.6100000000e+01 2.1307089813e-02
1.6200000000e+01 2.1151607694e-02
1.6300000000e+01 2.0989922838e-02
1.6400000000e+01 2.0821103894e-02
1.6500000000e+01 2.0644240501e-02
1.6600000000e+01 2.0458450528e-02
1.6700000000e+01 2.0262887261e-02
1.6800000000e+01 2.0056746468e-02
1.6900000000e+01 1.9839273287e-02
1.7000000000e+01 1.9609768865e-02
1.7100000000e+01 1.9367596702e-02
1.7200000000e+01 1.9112188633e-02
1.7300000000e+01 1.8843050398e-02
1.7400000000e+01 1.8559766752e-02
1.7500000000e+01 1.8262006061e-02
1.7600000000e+01 1.7949524348e-02
1.7700000000e+01 1.7622168742e-02
1.7800000000e+01 1.7279880304e-02
1.7900000000e+01 1.6922696199e-02
1.8000000000e+01 1.6550751189e-02
1.8100000000e+01 1.6164278421e-02
1.8200000000e+01 1.5763609521e-02
1.8300000000e+01 1.5349173957e-02
1.8400000000e+01 1.4921497693e-02
1.8500000000e+01 1.4481201135e-02
1.8600000000e+01 1.4028996363e-02
1.8700000000e+01 1.3565683693e-02
1.8800000000e+01 1.3092147570e-02
1.8900000000e+01 1.2609351824e-02
1.9000000000e+01 1.2118334333e-02
1.9100000000e+01 1.1620201111e-02
1.9200000000e+01 1.1116119888e-02
1.9300000000e+01 1.0607313199e-02
1.9400000000e+01 1.0095051062e-02
1.9500000000e+01 9.5806432794e-03
1.9600000000e+01 9.0654314249e-03
1.9700000000e+01 8.5507805781e-03
1.9800000000e+01 8.0380708660e-03
1.9900000000e+01 7.5286888740e-03
2.0000000000e+01 7.0240189919e-03
